/*--------------------------------*- C++ -*----------------------------------*\
| =========                 |                                                 |
| \\      /  F ield         | OpenFOAM: The Open Source CFD Toolbox           |
|  \\    /   O peration     | Version:  v1706                                 |
|   \\  /    A nd           | Web:      www.OpenFOAM.com                      |
|    \\/     M anipulation  |                                                 |
\*---------------------------------------------------------------------------*/
FoamFile
{
    version     2.0;
    format      ascii;
    class       volVectorField;
    location    "7e-06";
    object      wallShearStress;
}
// * * * * * * * * * * * * * * * * * * * * * * * * * * * * * * * * * * * * * //

dimensions      [1 -1 -2 0 0 0 0];


internalField   uniform (0 0 0);

boundaryField
{
    cone
    {
        type            calculated;
        value           nonuniform List<vector> 
153
(
(-98.3544 -81.1574 -1.55115e-13)
(-98.3887 -79.816 -1.42091e-13)
(-98.3881 -78.4408 -1.43034e-13)
(-98.3496 -77.0318 -1.4978e-13)
(-98.2693 -75.5902 -1.39935e-13)
(-98.1454 -74.114 -1.34249e-13)
(-97.9751 -72.6046 -1.44118e-13)
(-97.7547 -71.063 -1.36073e-13)
(-97.481 -69.4901 -1.33558e-13)
(-97.1508 -67.8874 -1.33182e-13)
(-96.761 -66.2565 -1.35187e-13)
(-96.3096 -64.5994 -1.31378e-13)
(-95.7935 -62.9186 -1.3564e-13)
(-95.2102 -61.2162 -1.28943e-13)
(-94.5562 -59.497 -1.2038e-13)
(-93.8288 -57.7632 -1.19861e-13)
(-93.028 -56.018 -1.25494e-13)
(-92.1524 -54.2662 -1.14358e-13)
(-91.2003 -52.5115 -1.15588e-13)
(-90.1709 -50.7582 -1.16279e-13)
(-89.0635 -49.0106 -1.11622e-13)
(-87.8777 -47.2734 -1.11685e-13)
(-86.6146 -45.5508 -1.0088e-13)
(-85.2745 -43.8462 -9.96441e-14)
(-83.8551 -42.1664 -9.89951e-14)
(-82.3528 -40.5168 -9.26147e-14)
(-80.7704 -38.9002 -9.88971e-14)
(-79.1069 -37.3213 -9.73892e-14)
(-77.3636 -35.7853 -9.00002e-14)
(-75.5396 -34.2973 -8.88485e-14)
(-73.6354 -32.8625 -9.34383e-14)
(-71.6524 -31.4865 -8.63793e-14)
(-69.5927 -30.1751 -8.9008e-14)
(-67.4593 -28.9335 -7.91107e-14)
(-65.2598 -27.7689 -7.79743e-14)
(-62.999 -26.6866 -7.79906e-14)
(-60.6836 -25.6908 -7.61679e-14)
(-58.3215 -24.7854 -7.794e-14)
(-55.9207 -23.9728 -7.78407e-14)
(-53.4892 -23.2546 -7.31981e-14)
(-51.0353 -22.6312 -6.96914e-14)
(-48.5678 -22.103 -7.19708e-14)
(-46.097 -21.67 -6.57718e-14)
(-43.6343 -21.3326 -6.56945e-14)
(-41.1918 -21.0895 -6.63971e-14)
(-38.7827 -20.9367 -6.47036e-14)
(-36.4192 -20.8777 -6.54472e-14)
(-34.0682 -20.9063 -6.16994e-14)
(-31.6921 -21.0245 -6.11531e-14)
(-29.4587 -21.348 -5.84893e-14)
(-27.5101 -21.8712 -6.32769e-14)
(-25.7989 -22.4972 -6.27805e-14)
(-24.3097 -23.2048 -6.1543e-14)
(-23.03 -23.9766 -6.14549e-14)
(-21.9553 -24.7958 -6.05765e-14)
(-21.0847 -25.6479 -6.08163e-14)
(-20.4139 -26.5267 -6.47354e-14)
(-19.9379 -27.4228 -6.38335e-14)
(-19.6589 -28.3188 -6.33535e-14)
(-19.5713 -29.2117 -6.80538e-14)
(-19.6757 -30.0895 -6.43353e-14)
(-19.9647 -30.9401 -6.43624e-14)
(-20.4317 -31.7537 -6.839e-14)
(-21.0695 -32.521 -6.96674e-14)
(-21.8714 -33.2314 -7.28216e-14)
(-22.8312 -33.8726 -6.85063e-14)
(-23.9427 -34.4303 -6.75462e-14)
(-25.1988 -34.8881 -6.77047e-14)
(-26.5906 -35.2278 -7.48437e-14)
(-28.1079 -35.4289 -7.54852e-14)
(-29.7397 -35.4668 -7.06568e-14)
(-31.4748 -35.3107 -7.10961e-14)
(-33.2971 -34.9257 -6.87829e-14)
(-35.1777 -34.2799 -6.83192e-14)
(-37.0715 -33.3523 -7.28677e-14)
(-38.9223 -32.1473 -7.42325e-14)
(-40.6218 -30.5898 -7.20471e-14)
(-42.229 -28.7534 -7.01103e-14)
(-43.6045 -26.6303 -7.32538e-14)
(-44.595 -24.291 -7.36015e-14)
(-45.1627 -21.8171 -6.89368e-14)
(-45.2311 -19.3202 -6.72615e-14)
(-44.7323 -16.9481 -6.4781e-14)
(-43.6343 -14.852 -6.11555e-14)
(-41.9504 -13.1649 -6.51439e-14)
(-39.7437 -11.9773 -5.96101e-14)
(-37.1198 -11.3232 -5.6057e-14)
(-34.2098 -11.1805 -5.69652e-14)
(-31.1498 -11.4842 -5.63975e-14)
(-28.0633 -12.1456 -5.31345e-14)
(-25.0507 -13.0695 -5.44007e-14)
(-22.1851 -14.168 -4.89967e-14)
(-19.5133 -15.3674 -4.5103e-14)
(-17.0612 -16.6115 -4.83187e-14)
(-14.8306 -17.8675 -4.48907e-14)
(-12.8615 -19.0993 -4.65142e-14)
(-11.057 -20.2528 -5.07163e-14)
(-9.46143 -21.39 -4.64648e-14)
(-8.03933 -22.496 -4.53824e-14)
(-6.76976 -23.5644 -3.80792e-14)
(-5.64645 -24.595 -4.67945e-14)
(-4.65776 -25.5936 -3.96639e-14)
(-3.78854 -26.5719 -4.63979e-14)
(-3.04007 -27.5455 -5.27866e-14)
(-2.4082 -28.5187 -4.6987e-14)
(-1.89668 -29.4957 -5.55798e-14)
(-1.50985 -30.4767 -6.16388e-14)
(-1.24916 -31.4651 -6.58722e-14)
(-1.1156 -32.4623 -5.80555e-14)
(-1.10978 -33.4688 -6.12948e-14)
(-1.23309 -34.4851 -5.96831e-14)
(-1.48929 -35.5115 -7.38402e-14)
(-1.88594 -36.5476 -6.19954e-14)
(-2.43546 -37.5915 -6.74721e-14)
(-3.15654 -38.6388 -7.0551e-14)
(-4.07515 -39.681 -7.27515e-14)
(-5.22528 -40.7033 -8.16087e-14)
(-6.64814 -41.6823 -8.50108e-14)
(-8.39029 -42.5836 -8.44934e-14)
(-10.5023 -43.3595 -9.2379e-14)
(-13.0367 -43.9465 -9.82647e-14)
(-16.0412 -44.2608 -9.19369e-14)
(-19.5471 -44.1962 -1.05255e-13)
(-23.5518 -43.628 -1.15274e-13)
(-27.9969 -42.4284 -1.08762e-13)
(-32.7385 -40.5045 -1.08522e-13)
(-37.5184 -37.8584 -1.22482e-13)
(-41.9855 -34.639 -1.14719e-13)
(-45.6018 -31.0271 -1.17833e-13)
(-48.2869 -27.5988 -1.22263e-13)
(-49.7696 -24.4301 -1.18829e-13)
(-49.991 -21.7412 -1.15628e-13)
(-48.8808 -20.0196 -1.03751e-13)
(-46.6526 -19.3872 -1.07938e-13)
(-43.8061 -19.6836 -1.00533e-13)
(-40.8292 -20.5515 -9.11852e-14)
(-38.0942 -21.6199 -1.04202e-13)
(-35.8039 -22.614 -9.52043e-14)
(-34.0101 -23.3869 -9.58621e-14)
(-32.666 -23.8992 -1.04226e-13)
(-31.6786 -24.1781 -1.12502e-13)
(-30.9512 -24.2789 -1.10333e-13)
(-30.3999 -24.2564 -1.01596e-13)
(-29.9557 -24.1588 -9.2224e-14)
(-29.582 -24.0228 -9.39384e-14)
(-29.254 -23.8638 -1.03831e-13)
(-28.9552 -23.6943 -9.53537e-14)
(-28.6761 -23.5212 -9.13237e-14)
(-28.4112 -23.3481 -9.78544e-14)
(-28.1574 -23.1765 -1.03111e-13)
(-27.9125 -23.0074 -9.74494e-14)
(-27.6751 -22.8409 -1.01084e-13)
(-27.4439 -22.6773 -8.53745e-14)
)
;
    }
    inlet
    {
        type            calculated;
        value           uniform (0 0 0);
    }
    rWedge
    {
        type            wedge;
    }
    lWedge
    {
        type            wedge;
    }
    outlet
    {
        type            calculated;
        value           nonuniform 0();
    }
    procBoundary2to0
    {
        type            processor;
        value           uniform (0 0 0);
    }
    procBoundary2to1
    {
        type            processor;
        value           uniform (0 0 0);
    }
    procBoundary2to3
    {
        type            processor;
        value           uniform (0 0 0);
    }
}


// ************************************************************************* //
