/*--------------------------------*- C++ -*----------------------------------*\
| =========                 |                                                 |
| \\      /  F ield         | OpenFOAM: The Open Source CFD Toolbox           |
|  \\    /   O peration     | Version:  v1706                                 |
|   \\  /    A nd           | Web:      www.OpenFOAM.com                      |
|    \\/     M anipulation  |                                                 |
\*---------------------------------------------------------------------------*/
FoamFile
{
    version     2.0;
    format      ascii;
    class       volVectorField;
    location    "3e-06";
    object      wallShearStress;
}
// * * * * * * * * * * * * * * * * * * * * * * * * * * * * * * * * * * * * * //

dimensions      [1 -1 -2 0 0 0 0];


internalField   uniform (0 0 0);

boundaryField
{
    cone
    {
        type            calculated;
        value           nonuniform List<vector> 
181
(
(0.441666 -0.975017 4.3989e-16)
(0.441707 -0.975275 4.5046e-16)
(0.441809 -0.97532 4.45593e-16)
(0.441893 -0.975226 3.89655e-16)
(0.441962 -0.975107 3.78621e-16)
(0.442017 -0.974993 3.55218e-16)
(0.442061 -0.974903 3.28855e-16)
(0.442106 -0.974826 3.05037e-16)
(0.44213 -0.974746 3.01975e-16)
(0.442127 -0.974671 3.28991e-16)
(0.442105 -0.974615 3.08085e-16)
(0.442064 -0.974572 3.15191e-16)
(0.442007 -0.974538 3.07321e-16)
(0.441938 -0.974513 3.2504e-16)
(0.441862 -0.974492 3.31825e-16)
(0.441782 -0.974473 3.37122e-16)
(0.441703 -0.974455 3.08566e-16)
(0.441627 -0.974434 3.09063e-16)
(0.441555 -0.974411 3.09278e-16)
(0.441489 -0.974384 3.92505e-16)
(0.441429 -0.974354 4.06394e-16)
(0.441373 -0.97432 3.79343e-16)
(0.441321 -0.974283 3.46242e-16)
(0.441274 -0.974244 3.42672e-16)
(0.441229 -0.974203 3.13488e-16)
(0.441186 -0.974161 3.14797e-16)
(0.441145 -0.974118 2.85624e-16)
(0.441105 -0.974074 2.63151e-16)
(0.441066 -0.97403 2.30064e-16)
(0.441027 -0.973986 2.14906e-16)
(0.440989 -0.973941 2.57714e-16)
(0.440951 -0.973897 3.1193e-16)
(0.440913 -0.973853 3.01552e-16)
(0.440876 -0.973809 2.89026e-16)
(0.440839 -0.973765 4.16163e-16)
(0.440802 -0.973721 4.11796e-16)
(0.440765 -0.973678 4.57652e-16)
(0.440728 -0.973634 3.76201e-16)
(0.440692 -0.973591 3.37163e-16)
(0.440655 -0.973548 2.93632e-16)
(0.440619 -0.973505 3.62582e-16)
(0.440583 -0.973462 3.7309e-16)
(0.440547 -0.97342 3.55354e-16)
(0.440511 -0.973377 2.47136e-16)
(0.440475 -0.973335 2.10365e-16)
(0.44044 -0.973293 2.76874e-16)
(0.440404 -0.973251 2.82807e-16)
(0.440369 -0.973209 3.57737e-16)
(0.440334 -0.973168 3.11119e-16)
(0.440299 -0.973126 3.74619e-16)
(0.440264 -0.973085 4.0693e-16)
(0.440229 -0.973044 3.72897e-16)
(0.440194 -0.973003 2.95579e-16)
(0.44016 -0.972962 2.42107e-16)
(0.440125 -0.972922 1.84288e-16)
(0.440091 -0.972881 2.06918e-16)
(0.440057 -0.972841 3.09063e-16)
(0.440023 -0.972801 3.12903e-16)
(0.439989 -0.972761 3.03006e-16)
(0.439956 -0.972721 2.60574e-16)
(0.439922 -0.972682 2.14465e-16)
(0.439889 -0.972642 2.2288e-16)
(0.439856 -0.972603 2.34706e-16)
(0.439822 -0.972564 2.63398e-16)
(0.439789 -0.972525 2.45138e-16)
(0.439756 -0.972487 2.87982e-16)
(0.439724 -0.972448 2.63596e-16)
(0.439691 -0.97241 2.02519e-16)
(0.439659 -0.972372 2.8577e-16)
(0.439626 -0.972334 2.52334e-16)
(0.439594 -0.972296 2.00749e-16)
(0.439562 -0.972258 2.44177e-16)
(0.43953 -0.972221 2.41793e-16)
(0.439499 -0.972183 2.64748e-16)
(0.439467 -0.972146 2.77063e-16)
(0.439435 -0.972109 3.07583e-16)
(0.439404 -0.972072 2.99261e-16)
(0.439373 -0.972036 2.92535e-16)
(0.439342 -0.972 3.04403e-16)
(0.439311 -0.971963 1.80779e-16)
(0.43928 -0.971927 1.57399e-16)
(0.439249 -0.971892 2.34191e-16)
(0.439218 -0.971856 2.21359e-16)
(0.439188 -0.97182 2.2633e-16)
(0.439158 -0.971785 2.41662e-16)
(0.439127 -0.97175 2.47428e-16)
(0.439097 -0.971715 2.52281e-16)
(0.439068 -0.97168 2.00724e-16)
(0.439038 -0.971645 1.91827e-16)
(0.439008 -0.971611 1.97857e-16)
(0.438979 -0.971577 1.22218e-16)
(0.438949 -0.971543 1.08606e-16)
(0.43892 -0.971509 6.52102e-17)
(0.438891 -0.971475 1.00949e-16)
(0.438862 -0.971441 7.66219e-17)
(0.438833 -0.971408 7.38507e-17)
(0.438804 -0.971375 1.00397e-16)
(0.438775 -0.971342 9.75862e-17)
(0.438747 -0.971309 1.75521e-16)
(0.438718 -0.971276 2.08881e-16)
(0.43869 -0.971244 1.59927e-16)
(0.438662 -0.971212 1.44505e-16)
(0.438634 -0.971179 2.02456e-16)
(0.438606 -0.971148 2.02337e-16)
(0.438578 -0.971116 2.86508e-16)
(0.438551 -0.971084 2.47743e-16)
(0.438523 -0.971053 3.30319e-16)
(0.438496 -0.971022 2.96079e-16)
(0.438468 -0.970991 2.78245e-16)
(0.438441 -0.97096 2.48931e-16)
(0.438414 -0.970929 2.75892e-16)
(0.438387 -0.970899 2.64372e-16)
(0.438361 -0.970868 3.12802e-16)
(0.438334 -0.970838 3.65605e-16)
(0.438307 -0.970808 3.61929e-16)
(0.438281 -0.970779 3.36992e-16)
(0.438255 -0.970749 2.19444e-16)
(0.438228 -0.97072 2.80618e-16)
(0.438202 -0.97069 8.9926e-17)
(0.438176 -0.970661 8.66182e-17)
(0.438151 -0.970633 8.29029e-17)
(0.438125 -0.970604 6.75197e-17)
(0.438099 -0.970575 1.35181e-16)
(0.438074 -0.970547 1.11948e-16)
(0.438049 -0.970519 1.46947e-16)
(0.438023 -0.970491 6.20782e-17)
(0.437998 -0.970463 2.18625e-16)
(0.437973 -0.970436 8.13479e-17)
(0.437948 -0.970408 1.7651e-16)
(0.437924 -0.970381 1.93297e-17)
(0.437899 -0.970354 5.0595e-17)
(0.437875 -0.970327 1.67584e-16)
(0.43785 -0.970301 2.42569e-16)
(0.437826 -0.970274 1.30965e-16)
(0.437802 -0.970248 1.20002e-16)
(0.437778 -0.970222 8.65066e-17)
(0.437754 -0.970196 8.47353e-18)
(0.43773 -0.97017 9.66358e-18)
(0.437706 -0.970144 6.61322e-18)
(0.437683 -0.970119 1.6003e-16)
(0.437659 -0.970094 2.25544e-16)
(0.437636 -0.970069 6.14103e-17)
(0.437612 -0.970044 2.83653e-17)
(0.437589 -0.970019 4.85182e-17)
(0.437566 -0.969995 1.43267e-16)
(0.437543 -0.96997 1.44745e-16)
(0.43752 -0.969946 1.28278e-16)
(0.437498 -0.969922 8.84369e-17)
(0.437475 -0.969899 -4.48094e-17)
(0.437453 -0.969875 1.88523e-17)
(0.43743 -0.969852 9.4853e-17)
(0.437407 -0.969828 1.872e-16)
(0.437384 -0.969806 2.3013e-16)
(0.437361 -0.969783 1.2781e-16)
(0.437336 -0.969762 1.43043e-16)
(0.43731 -0.969741 1.55163e-16)
(0.437281 -0.969721 5.91088e-17)
(0.437249 -0.969702 -4.37521e-17)
(0.437214 -0.969687 -6.65832e-17)
(0.437176 -0.969675 7.88844e-18)
(0.437136 -0.969667 4.38102e-17)
(0.437097 -0.969658 8.9625e-17)
(0.437056 -0.96964 -1.60294e-17)
(0.437018 -0.969609 -2.6357e-18)
(0.43698 -0.969564 2.76154e-16)
(0.436944 -0.969511 3.25794e-16)
(0.436907 -0.969462 8.68241e-17)
(0.436863 -0.96942 1.33577e-16)
(0.436807 -0.96938 4.09612e-17)
(0.436734 -0.969329 1.63979e-16)
(0.436643 -0.969257 2.66665e-16)
(0.436547 -0.969171 2.13773e-16)
(0.436464 -0.969083 1.12695e-16)
(0.436406 -0.968989 1.19882e-16)
(0.436382 -0.968871 2.43954e-16)
(0.436417 -0.968721 3.56234e-16)
(0.436505 -0.968528 2.94142e-16)
(0.436609 -0.968278 1.87637e-16)
(0.436664 -0.968 1.78068e-16)
(0.436642 -0.967863 7.03445e-17)
(0.436635 -0.96799 4.20505e-18)
)
;
    }
    inlet
    {
        type            calculated;
        value           uniform (0 0 0);
    }
    rWedge
    {
        type            wedge;
    }
    lWedge
    {
        type            wedge;
    }
    outlet
    {
        type            calculated;
        value           nonuniform 0();
    }
    procBoundary1to0
    {
        type            processor;
        value           uniform (0 0 0);
    }
    procBoundary1to2
    {
        type            processor;
        value           uniform (0 0 0);
    }
}


// ************************************************************************* //
