/*--------------------------------*- C++ -*----------------------------------*\
| =========                 |                                                 |
| \\      /  F ield         | OpenFOAM: The Open Source CFD Toolbox           |
|  \\    /   O peration     | Version:  v1706                                 |
|   \\  /    A nd           | Web:      www.OpenFOAM.com                      |
|    \\/     M anipulation  |                                                 |
\*---------------------------------------------------------------------------*/
FoamFile
{
    version     2.0;
    format      ascii;
    class       volVectorField;
    location    "5e-06";
    object      wallShearStress;
}
// * * * * * * * * * * * * * * * * * * * * * * * * * * * * * * * * * * * * * //

dimensions      [1 -1 -2 0 0 0 0];


internalField   uniform (0 0 0);

boundaryField
{
    cone
    {
        type            calculated;
        value           nonuniform List<vector> 
181
(
(-65.3675 129.693 -1.30062e-15)
(-59.6076 118.453 -1.03018e-15)
(-54.1238 107.714 -7.10836e-16)
(-48.9285 97.5065 -6.42016e-16)
(-44.0331 87.8588 -3.01188e-16)
(-39.4405 78.7816 -3.03122e-16)
(-35.1587 70.2954 -1.55984e-16)
(-31.1912 62.4131 -1.94612e-16)
(-27.5318 55.1273 -2.45215e-17)
(-24.178 48.4373 8.81307e-17)
(-21.1246 42.3371 1.2401e-16)
(-18.3589 36.8045 2.65009e-16)
(-15.8699 31.82 2.55286e-16)
(-13.6445 27.3592 2.90267e-16)
(-11.6674 23.3935 3.4904e-16)
(-9.92248 19.8913 4.02438e-16)
(-8.39217 16.8187 3.62646e-16)
(-7.05852 14.1402 3.74326e-16)
(-5.90337 11.8198 3.88701e-16)
(-4.9087 9.82191 5.24778e-16)
(-4.057 8.11144 5.60357e-16)
(-3.32981 6.65106 5.26507e-16)
(-2.71383 5.4138 5.07895e-16)
(-2.19505 4.37164 5.0622e-16)
(-1.75988 3.4973 4.74773e-16)
(-1.39666 2.76751 4.84781e-16)
(-1.09472 2.16079 4.54229e-16)
(-0.844711 1.65841 4.37656e-16)
(-0.638482 1.24398 3.84163e-16)
(-0.468976 0.903343 3.51988e-16)
(-0.330129 0.6243 3.91992e-16)
(-0.216764 0.396459 4.64912e-16)
(-0.124493 0.210996 4.3592e-16)
(-0.0495982 0.0604424 4.29776e-16)
(0.0109492 -0.0612341 6.12628e-16)
(0.0598478 -0.159526 6.12863e-16)
(0.0991921 -0.238624 6.72093e-16)
(0.130767 -0.302113 5.73703e-16)
(0.156042 -0.352942 5.29027e-16)
(0.176221 -0.393532 4.73736e-16)
(0.192291 -0.425866 5.61816e-16)
(0.205056 -0.451559 5.68407e-16)
(0.21517 -0.471926 5.47886e-16)
(0.223164 -0.488032 3.91997e-16)
(0.229466 -0.500736 3.40089e-16)
(0.23442 -0.510736 4.37499e-16)
(0.238305 -0.518584 4.32969e-16)
(0.241342 -0.52473 5.30163e-16)
(0.243709 -0.52953 4.8028e-16)
(0.245547 -0.533266 5.60462e-16)
(0.246971 -0.536171 6.0713e-16)
(0.248067 -0.538416 5.60256e-16)
(0.248908 -0.540147 4.65718e-16)
(0.249549 -0.541477 4.13451e-16)
(0.250033 -0.542493 3.4975e-16)
(0.250396 -0.543264 3.7015e-16)
(0.250664 -0.543845 5.01404e-16)
(0.250859 -0.544278 5.0003e-16)
(0.250997 -0.544597 4.91784e-16)
(0.251091 -0.544827 4.29508e-16)
(0.251151 -0.544989 3.81254e-16)
(0.251185 -0.545098 3.98432e-16)
(0.251199 -0.545166 4.05572e-16)
(0.251197 -0.545203 4.46882e-16)
(0.251184 -0.545215 4.08748e-16)
(0.251161 -0.54521 4.43535e-16)
(0.251131 -0.54519 4.07984e-16)
(0.251097 -0.545159 3.22604e-16)
(0.251058 -0.545121 4.30605e-16)
(0.251016 -0.545076 3.90439e-16)
(0.250972 -0.545026 3.04755e-16)
(0.250926 -0.544972 3.56703e-16)
(0.250879 -0.544916 3.70529e-16)
(0.250831 -0.544858 4.0956e-16)
(0.250783 -0.544798 4.32971e-16)
(0.250734 -0.544737 4.83399e-16)
(0.250684 -0.544675 4.65255e-16)
(0.250635 -0.544613 4.60965e-16)
(0.250585 -0.54455 4.8984e-16)
(0.250535 -0.544487 3.2925e-16)
(0.250486 -0.544423 2.69246e-16)
(0.250436 -0.544359 3.53078e-16)
(0.250386 -0.544296 3.27863e-16)
(0.250336 -0.544232 3.18194e-16)
(0.250287 -0.544168 3.40999e-16)
(0.250237 -0.544104 3.64744e-16)
(0.250188 -0.54404 3.9715e-16)
(0.250139 -0.543977 3.22884e-16)
(0.25009 -0.543913 2.98076e-16)
(0.250041 -0.543849 3.17507e-16)
(0.249992 -0.543786 2.11043e-16)
(0.249944 -0.543722 2.00005e-16)
(0.249895 -0.543659 1.47754e-16)
(0.249847 -0.543595 1.81133e-16)
(0.249799 -0.543532 1.40023e-16)
(0.24975 -0.543469 1.5645e-16)
(0.249702 -0.543406 1.92178e-16)
(0.249655 -0.543343 1.9125e-16)
(0.249607 -0.54328 3.00386e-16)
(0.249559 -0.543217 3.5031e-16)
(0.249512 -0.543154 2.79817e-16)
(0.249465 -0.543091 2.63734e-16)
(0.249418 -0.543029 3.47448e-16)
(0.249371 -0.542966 3.31853e-16)
(0.249324 -0.542904 4.30111e-16)
(0.249277 -0.542842 3.62469e-16)
(0.24923 -0.542779 4.76294e-16)
(0.249184 -0.542717 4.25263e-16)
(0.249137 -0.542655 4.07491e-16)
(0.249091 -0.542593 3.77325e-16)
(0.249045 -0.542531 3.95537e-16)
(0.248999 -0.542469 3.88035e-16)
(0.248953 -0.542408 4.61851e-16)
(0.248908 -0.542346 5.48037e-16)
(0.248862 -0.542284 5.39162e-16)
(0.248817 -0.542223 5.17036e-16)
(0.248772 -0.542162 3.5978e-16)
(0.248726 -0.5421 4.59827e-16)
(0.248681 -0.542039 1.93184e-16)
(0.248637 -0.541978 1.70594e-16)
(0.248592 -0.541917 1.70658e-16)
(0.248547 -0.541856 1.48446e-16)
(0.248503 -0.541795 2.28074e-16)
(0.248458 -0.541734 1.90774e-16)
(0.248414 -0.541674 2.46068e-16)
(0.24837 -0.541613 1.18055e-16)
(0.248326 -0.541553 3.2557e-16)
(0.248282 -0.541492 1.54425e-16)
(0.248238 -0.541432 2.83419e-16)
(0.248195 -0.541372 5.67404e-17)
(0.248151 -0.541312 6.9842e-17)
(0.248108 -0.541252 2.42606e-16)
(0.248065 -0.541192 3.44317e-16)
(0.248021 -0.541132 1.92543e-16)
(0.247979 -0.541072 2.05255e-16)
(0.247936 -0.541013 1.53346e-16)
(0.247893 -0.540953 5.95346e-17)
(0.24785 -0.540894 4.91441e-17)
(0.247808 -0.540834 1.87898e-17)
(0.247765 -0.540775 2.25788e-16)
(0.247723 -0.540716 3.22305e-16)
(0.247681 -0.540657 1.14322e-16)
(0.247639 -0.540598 7.37593e-17)
(0.247597 -0.540539 9.02308e-17)
(0.247555 -0.540481 2.13756e-16)
(0.247513 -0.540422 2.14075e-16)
(0.24747 -0.540364 2.19238e-16)
(0.247428 -0.540306 1.63625e-16)
(0.247385 -0.540248 -2.32722e-17)
(0.247342 -0.540191 4.99766e-17)
(0.247297 -0.540134 1.52266e-16)
(0.247253 -0.540078 2.6005e-16)
(0.247207 -0.540022 3.24751e-16)
(0.24716 -0.539967 1.91002e-16)
(0.247113 -0.539912 2.34909e-16)
(0.247065 -0.539857 2.39512e-16)
(0.247018 -0.539801 1.45024e-16)
(0.24697 -0.539743 3.66e-18)
(0.246923 -0.539684 -5.22537e-17)
(0.246876 -0.539623 4.06291e-17)
(0.246827 -0.539561 8.40738e-17)
(0.246777 -0.539498 1.39856e-16)
(0.246724 -0.539435 -4.18797e-18)
(0.246669 -0.539373 2.51047e-17)
(0.246612 -0.539312 3.90132e-16)
(0.246556 -0.539251 4.74915e-16)
(0.246504 -0.53919 1.6697e-16)
(0.24646 -0.539127 2.13223e-16)
(0.246428 -0.539058 9.53121e-17)
(0.24641 -0.538983 2.47877e-16)
(0.246408 -0.538899 3.88371e-16)
(0.246421 -0.538807 3.41007e-16)
(0.246444 -0.538708 1.86992e-16)
(0.246468 -0.53861 2.0105e-16)
(0.246483 -0.538522 3.70388e-16)
(0.24648 -0.538455 5.17858e-16)
(0.246449 -0.53842 4.44023e-16)
(0.246378 -0.538408 2.94867e-16)
(0.246272 -0.538411 2.82242e-16)
(0.246141 -0.538414 1.36276e-16)
(0.246018 -0.53842 4.46185e-17)
)
;
    }
    inlet
    {
        type            calculated;
        value           uniform (0 0 0);
    }
    rWedge
    {
        type            wedge;
    }
    lWedge
    {
        type            wedge;
    }
    outlet
    {
        type            calculated;
        value           nonuniform 0();
    }
    procBoundary1to0
    {
        type            processor;
        value           uniform (0 0 0);
    }
    procBoundary1to2
    {
        type            processor;
        value           uniform (0 0 0);
    }
}


// ************************************************************************* //
