/*--------------------------------*- C++ -*----------------------------------*\
| =========                 |                                                 |
| \\      /  F ield         | OpenFOAM: The Open Source CFD Toolbox           |
|  \\    /   O peration     | Version:  v1706                                 |
|   \\  /    A nd           | Web:      www.OpenFOAM.com                      |
|    \\/     M anipulation  |                                                 |
\*---------------------------------------------------------------------------*/
FoamFile
{
    version     2.0;
    format      ascii;
    class       volVectorField;
    location    "1e-05";
    object      wallShearStress;
}
// * * * * * * * * * * * * * * * * * * * * * * * * * * * * * * * * * * * * * //

dimensions      [1 -1 -2 0 0 0 0];


internalField   uniform (0 0 0);

boundaryField
{
    cone
    {
        type            calculated;
        value           nonuniform List<vector> 
119
(
(-10.3748 -14.594 -7.09441e-10)
(-10.5396 -14.7226 -4.17001e-10)
(-10.7124 -14.8499 -2.18638e-10)
(-10.8931 -14.976 -1.03338e-10)
(-11.0818 -15.1008 -4.44256e-11)
(-11.2781 -15.2244 -1.74857e-11)
(-11.4821 -15.3471 -6.35313e-12)
(-11.6936 -15.4688 -2.148e-12)
(-11.9125 -15.5899 -6.96428e-13)
(-12.1387 -15.7106 -2.32437e-13)
(-12.3721 -15.831 -8.95098e-14)
(-12.6128 -15.9512 -4.84247e-14)
(-12.8608 -16.0713 -1.95264e-14)
(-13.1163 -16.1914 -1.12844e-14)
(-13.3793 -16.3115 -9.68081e-15)
(-13.6503 -16.4315 -3.23519e-14)
(-13.9292 -16.5513 -1.3823e-14)
(-14.2164 -16.6709 -2.07042e-14)
(-14.5121 -16.79 -2.08322e-14)
(-14.8164 -16.9086 -3.78611e-14)
(-15.1297 -17.0265 -5.01672e-14)
(-15.4521 -17.1435 -3.89215e-14)
(-15.7838 -17.2597 -4.74438e-14)
(-16.125 -17.3747 -1.77044e-14)
(-16.4758 -17.4886 -1.01693e-14)
(-16.8363 -17.6012 -1.73318e-14)
(-17.2067 -17.7124 -2.23066e-14)
(-17.5872 -17.8221 -3.6076e-14)
(-17.9777 -17.9301 -3.29412e-14)
(-18.3784 -18.0365 -1.97262e-14)
(-18.7894 -18.1411 -2.81433e-14)
(-19.2108 -18.2438 -4.23772e-14)
(-19.6425 -18.3445 -1.17558e-14)
(-20.0848 -18.4431 -3.71755e-14)
(-20.5377 -18.5396 -2.24725e-14)
(-21.0012 -18.6339 -2.24809e-14)
(-21.4752 -18.7259 -7.84118e-15)
(-21.9599 -18.8155 -2.6463e-14)
(-22.4552 -18.9028 -2.42744e-14)
(-22.9611 -18.9876 -1.83294e-14)
(-23.4774 -19.07 -4.28668e-14)
(-24.0042 -19.15 -2.17798e-14)
(-24.5414 -19.2274 -2.2808e-14)
(-25.0888 -19.3025 -4.15414e-14)
(-25.6464 -19.3751 -3.37333e-14)
(-26.214 -19.4454 -5.34336e-14)
(-26.7916 -19.5133 -2.83927e-14)
(-27.379 -19.579 4.85614e-15)
(-27.9762 -19.6426 -3.08838e-14)
(-28.5829 -19.7041 -2.34538e-14)
(-29.1989 -19.7639 -2.11888e-14)
(-29.8241 -19.8224 -2.59102e-14)
(-30.4584 -19.8796 -2.55722e-14)
(-31.1021 -19.9352 -1.99151e-14)
(-31.7551 -19.9892 -5.02894e-14)
(-32.4173 -20.0422 -2.25106e-14)
(-33.0885 -20.0949 -1.56516e-14)
(-33.7691 -20.1473 -3.54784e-14)
(-34.4594 -20.1995 -4.2794e-14)
(-35.1595 -20.2519 -3.65331e-14)
(-35.8702 -20.3045 -2.35439e-14)
(-36.5919 -20.3574 -2.68504e-14)
(-37.3253 -20.4106 -3.06911e-14)
(-38.0708 -20.4645 -3.7457e-14)
(-38.8293 -20.5187 -3.05189e-14)
(-39.6015 -20.5739 -3.83337e-14)
(-40.3879 -20.6304 -2.73574e-14)
(-41.1896 -20.6876 -4.0321e-14)
(-42.0083 -20.7458 -3.99088e-14)
(-42.8444 -20.8047 -3.866e-14)
(-43.6993 -20.864 -3.38955e-14)
(-44.5777 -20.9213 -3.21529e-14)
(-45.4741 -20.9797 -3.34868e-14)
(-46.3978 -21.0384 -2.34836e-14)
(-47.3478 -21.0922 -3.41038e-14)
(-48.3266 -21.143 -2.26033e-14)
(-49.3369 -21.1893 -2.58514e-14)
(-50.3816 -21.2296 -3.63565e-14)
(-51.4639 -21.2624 -2.25077e-14)
(-52.5873 -21.2857 -4.71069e-14)
(-53.7557 -21.2968 -2.18493e-14)
(-54.9736 -21.293 -2.72795e-14)
(-56.2458 -21.2707 -3.17626e-14)
(-57.5775 -21.2264 -2.59896e-14)
(-58.9744 -21.156 -2.97488e-14)
(-60.4429 -21.0548 -1.55391e-14)
(-61.9899 -20.9176 -2.21249e-14)
(-63.623 -20.7383 -4.49109e-14)
(-65.3511 -20.5099 -3.66539e-14)
(-67.1842 -20.2239 -3.77387e-14)
(-69.1347 -19.8697 -3.44618e-14)
(-71.2174 -19.434 -3.10314e-14)
(-73.4501 -18.9004 -4.65745e-14)
(-75.8543 -18.2473 -3.30437e-14)
(-78.4566 -17.4474 -2.33309e-14)
(-81.2897 -16.4641 -3.62857e-14)
(-84.3953 -15.2486 -5.08068e-14)
(-87.828 -13.7322 -2.35925e-14)
(-91.662 -11.815 -2.16343e-14)
(-96.0016 -9.34572 -7.66547e-15)
(-100.999 -6.0858 -1.66436e-14)
(-106.889 -1.63844 -3.13623e-14)
(-114.05 4.69315 -2.18893e-14)
(-123.125 14.1817 -1.88517e-14)
(-135.215 29.1629 -4.31391e-14)
(-152.103 53.7112 -3.09969e-14)
(-176.214 94.0174 -3.70074e-14)
(-209.528 156.895 -3.5268e-14)
(-250.726 244.393 -2.80867e-14)
(-291.902 345.346 -2.02754e-14)
(-319.073 433.062 -1.56218e-14)
(-322.347 482.167 -1.4846e-14)
(-303.542 487.412 -4.44537e-15)
(-271.657 460.351 -7.92366e-15)
(-235.382 416.217 -3.03749e-15)
(-200.256 366.914 -3.32466e-15)
(-168.654 319.44 -1.8474e-15)
(-141.987 280.953 -5.10008e-16)
(-130.386 269.173 -1.07424e-15)
)
;
    }
    inlet
    {
        type            calculated;
        value           uniform (0 0 0);
    }
    rWedge
    {
        type            wedge;
    }
    lWedge
    {
        type            wedge;
    }
    outlet
    {
        type            calculated;
        value           uniform (0 0 0);
    }
    procBoundary0to1
    {
        type            processor;
        value           uniform (0 0 0);
    }
    procBoundary0to2
    {
        type            processor;
        value           uniform (0 0 0);
    }
}


// ************************************************************************* //
