/*--------------------------------*- C++ -*----------------------------------*\
| =========                 |                                                 |
| \\      /  F ield         | OpenFOAM: The Open Source CFD Toolbox           |
|  \\    /   O peration     | Version:  v1706                                 |
|   \\  /    A nd           | Web:      www.OpenFOAM.com                      |
|    \\/     M anipulation  |                                                 |
\*---------------------------------------------------------------------------*/
FoamFile
{
    version     2.0;
    format      ascii;
    class       volVectorField;
    location    "6e-06";
    object      wallShearStress;
}
// * * * * * * * * * * * * * * * * * * * * * * * * * * * * * * * * * * * * * //

dimensions      [1 -1 -2 0 0 0 0];


internalField   uniform (0 0 0);

boundaryField
{
    cone
    {
        type            calculated;
        value           nonuniform List<vector> 
119
(
(0.19653 -0.428703 -1.97818e-16)
(0.196461 -0.428646 3.13733e-17)
(0.196418 -0.428575 1.56982e-16)
(0.196398 -0.428496 1.57999e-16)
(0.196394 -0.428416 3.80209e-18)
(0.196405 -0.428341 4.23616e-16)
(0.196421 -0.428269 2.96727e-16)
(0.196433 -0.428202 1.36891e-16)
(0.196434 -0.428138 -1.70095e-16)
(0.196418 -0.42808 -2.1697e-16)
(0.196386 -0.428025 -1.07533e-16)
(0.196342 -0.427973 -2.5307e-17)
(0.196289 -0.427924 6.46365e-16)
(0.196231 -0.427877 7.76049e-16)
(0.196174 -0.427831 7.97927e-16)
(0.196118 -0.427784 2.51023e-16)
(0.196066 -0.427737 5.88746e-16)
(0.196018 -0.427689 4.27486e-16)
(0.195973 -0.427639 3.13731e-16)
(0.195931 -0.427589 -1.83965e-16)
(0.195891 -0.427538 -5.47202e-16)
(0.195852 -0.427486 -2.31972e-16)
(0.195814 -0.427434 -2.76232e-16)
(0.195777 -0.427382 4.81168e-16)
(0.19574 -0.42733 8.09441e-16)
(0.195704 -0.427278 5.76861e-16)
(0.195667 -0.427226 2.87344e-16)
(0.195631 -0.427174 3.78642e-17)
(0.195595 -0.427123 1.01658e-16)
(0.195559 -0.427071 4.98979e-16)
(0.195523 -0.427019 1.92576e-16)
(0.195487 -0.426968 3.70868e-17)
(0.195451 -0.426916 6.23311e-16)
(0.195415 -0.426865 1.56358e-16)
(0.19538 -0.426813 4.50792e-16)
(0.195344 -0.426762 6.13912e-16)
(0.195309 -0.426711 9.06159e-16)
(0.195274 -0.42666 5.33279e-16)
(0.195239 -0.426609 4.82064e-16)
(0.195204 -0.426558 4.8356e-16)
(0.195169 -0.426507 -2.94352e-17)
(0.195134 -0.426456 2.47868e-16)
(0.195099 -0.426405 3.00147e-16)
(0.195065 -0.426355 -6.88371e-17)
(0.19503 -0.426304 -2.75056e-17)
(0.194996 -0.426254 -3.11712e-16)
(0.194962 -0.426203 4.11664e-16)
(0.194927 -0.426153 1.03833e-15)
(0.194893 -0.426103 3.65248e-16)
(0.194859 -0.426053 4.15264e-16)
(0.194825 -0.426003 4.22489e-16)
(0.194791 -0.425953 3.83342e-16)
(0.194757 -0.425903 3.49839e-16)
(0.194724 -0.425853 3.75182e-16)
(0.19469 -0.425804 -1.92364e-16)
(0.194657 -0.425754 4.64376e-16)
(0.194623 -0.425705 4.75461e-16)
(0.19459 -0.425655 2.01941e-17)
(0.194557 -0.425606 -1.00774e-16)
(0.194524 -0.425557 5.46823e-17)
(0.194491 -0.425507 3.97087e-16)
(0.194458 -0.425458 3.05384e-16)
(0.194425 -0.425409 1.23888e-16)
(0.194392 -0.42536 -2.63469e-17)
(0.19436 -0.425311 7.4568e-17)
(0.194327 -0.425263 -4.58828e-17)
(0.194295 -0.425214 1.29162e-16)
(0.194263 -0.425165 -1.42099e-16)
(0.19423 -0.425117 -1.40127e-16)
(0.194198 -0.425068 -1.23659e-16)
(0.194166 -0.42502 -6.29076e-18)
(0.194134 -0.424972 4.2771e-17)
(0.194102 -0.424924 8.93058e-17)
(0.19407 -0.424876 3.02922e-16)
(0.194039 -0.424828 1.4311e-16)
(0.194007 -0.42478 3.80548e-16)
(0.193975 -0.424732 3.13584e-16)
(0.193944 -0.424684 1.44163e-16)
(0.193912 -0.424637 3.38173e-16)
(0.193881 -0.424589 -9.14845e-17)
(0.19385 -0.424542 4.79754e-16)
(0.193819 -0.424494 3.47261e-16)
(0.193788 -0.424447 1.92613e-16)
(0.193757 -0.424399 3.49414e-16)
(0.193726 -0.424352 3.32166e-16)
(0.193695 -0.424305 6.92017e-16)
(0.193664 -0.424258 4.62827e-16)
(0.193634 -0.424211 -1.17027e-16)
(0.193603 -0.424164 5.30268e-17)
(0.193573 -0.424118 1.59619e-17)
(0.193542 -0.424071 6.99478e-17)
(0.193512 -0.424024 1.0433e-16)
(0.193482 -0.423978 -2.41281e-16)
(0.193452 -0.423932 5.33086e-17)
(0.193422 -0.423885 2.4793e-16)
(0.193392 -0.423839 -1.09892e-16)
(0.193362 -0.423793 -4.91982e-16)
(0.193332 -0.423747 4.00186e-16)
(0.193302 -0.423701 5.03477e-16)
(0.193271 -0.423655 9.22531e-16)
(0.193239 -0.423611 7.07221e-16)
(0.193202 -0.423569 1.50877e-16)
(0.193147 -0.423533 3.22856e-16)
(0.193032 -0.423502 3.29858e-16)
(0.192799 -0.423506 -5.34842e-16)
(0.192334 -0.423634 -1.32756e-16)
(0.191386 -0.424016 -4.24438e-16)
(0.189595 -0.42488 -5.46606e-16)
(0.186491 -0.426548 -1.47253e-16)
(0.18158 -0.429401 -4.26093e-17)
(0.174563 -0.4337 5.81778e-17)
(0.165518 -0.439295 -1.99589e-16)
(0.154896 -0.445415 3.55746e-16)
(0.143334 -0.450695 -3.69776e-16)
(0.130768 -0.452863 3.25678e-16)
(0.115653 -0.452435 -1.24731e-16)
(0.0932749 -0.448307 9.26475e-17)
(0.056631 -0.447742 3.15425e-16)
(0.082065 -0.484166 1.40911e-16)
)
;
    }
    inlet
    {
        type            calculated;
        value           uniform (0 0 0);
    }
    rWedge
    {
        type            wedge;
    }
    lWedge
    {
        type            wedge;
    }
    outlet
    {
        type            calculated;
        value           uniform (0 0 0);
    }
    procBoundary0to1
    {
        type            processor;
        value           uniform (0 0 0);
    }
    procBoundary0to2
    {
        type            processor;
        value           uniform (0 0 0);
    }
}


// ************************************************************************* //
