/*--------------------------------*- C++ -*----------------------------------*\
| =========                 |                                                 |
| \\      /  F ield         | OpenFOAM: The Open Source CFD Toolbox           |
|  \\    /   O peration     | Version:  v1706                                 |
|   \\  /    A nd           | Web:      www.OpenFOAM.com                      |
|    \\/     M anipulation  |                                                 |
\*---------------------------------------------------------------------------*/
FoamFile
{
    version     2.0;
    format      ascii;
    class       volVectorField;
    location    "8e-06";
    object      wallShearStress;
}
// * * * * * * * * * * * * * * * * * * * * * * * * * * * * * * * * * * * * * //

dimensions      [1 -1 -2 0 0 0 0];


internalField   uniform (0 0 0);

boundaryField
{
    cone
    {
        type            calculated;
        value           nonuniform List<vector> 
153
(
(-110.413 -95.674 -1.37842e-13)
(-110.202 -94.3785 -1.26186e-13)
(-109.965 -93.0841 -1.27317e-13)
(-109.701 -91.7922 -1.3237e-13)
(-109.412 -90.5042 -1.23146e-13)
(-109.097 -89.2215 -1.16754e-13)
(-108.759 -87.9454 -1.28906e-13)
(-108.399 -86.6773 -1.21103e-13)
(-108.017 -85.4185 -1.18424e-13)
(-107.615 -84.1702 -1.18289e-13)
(-107.194 -82.9337 -1.21395e-13)
(-106.756 -81.71 -1.193e-13)
(-106.302 -80.5003 -1.26543e-13)
(-105.834 -79.3053 -1.20415e-13)
(-105.354 -78.1258 -1.1377e-13)
(-104.862 -76.9625 -1.14094e-13)
(-104.361 -75.8155 -1.20914e-13)
(-103.852 -74.685 -1.09267e-13)
(-103.335 -73.5709 -1.10216e-13)
(-102.813 -72.4726 -1.1137e-13)
(-102.285 -71.3893 -1.0666e-13)
(-101.753 -70.3199 -1.06916e-13)
(-101.216 -69.2631 -9.79244e-14)
(-100.675 -68.217 -9.7255e-14)
(-100.129 -67.1796 -9.90979e-14)
(-99.5788 -66.1484 -9.29354e-14)
(-99.0224 -65.1206 -1.01739e-13)
(-98.4593 -64.0931 -1.01267e-13)
(-97.8883 -63.0626 -9.46067e-14)
(-97.308 -62.0252 -9.28435e-14)
(-96.7168 -60.9771 -1.01972e-13)
(-96.113 -59.9138 -9.41221e-14)
(-95.4947 -58.8307 -9.86638e-14)
(-94.8601 -57.7231 -8.69306e-14)
(-94.2074 -56.586 -8.77093e-14)
(-93.5351 -55.4144 -8.91315e-14)
(-92.8411 -54.2046 -8.5946e-14)
(-92.1238 -52.9514 -9.00018e-14)
(-91.3835 -51.6485 -9.19248e-14)
(-90.6413 -50.2841 -8.7307e-14)
(-89.8607 -48.874 -8.26625e-14)
(-89.0519 -47.3913 -8.68693e-14)
(-88.2113 -45.8322 -7.78687e-14)
(-87.3298 -44.1941 -7.90946e-14)
(-86.3954 -42.4654 -8.03248e-14)
(-85.3771 -40.645 -7.89024e-14)
(-84.2689 -38.6802 -8.1014e-14)
(-82.9161 -36.6735 -7.51384e-14)
(-81.3482 -34.4564 -7.51838e-14)
(-79.8976 -32.323 -7.09653e-14)
(-78.7555 -30.3507 -7.74789e-14)
(-77.7256 -28.4049 -7.74204e-14)
(-76.7177 -26.4403 -7.43765e-14)
(-75.6675 -24.4512 -7.40485e-14)
(-74.5224 -22.4438 -7.25496e-14)
(-73.2368 -20.4335 -7.12487e-14)
(-71.7739 -18.4428 -7.38194e-14)
(-70.1063 -16.5003 -7.12704e-14)
(-68.2183 -14.6376 -6.80273e-14)
(-66.1061 -12.8878 -7.18398e-14)
(-63.7789 -11.2824 -6.59743e-14)
(-61.2577 -9.84957 -6.31258e-14)
(-58.5742 -8.61164 -6.3699e-14)
(-55.7684 -7.58397 -6.30497e-14)
(-52.886 -6.7741 -6.3888e-14)
(-49.9751 -6.18165 -5.78309e-14)
(-47.0839 -5.79889 -5.53666e-14)
(-44.2577 -5.61186 -5.33641e-14)
(-41.5371 -5.6017 -5.68559e-14)
(-38.9567 -5.7463 -5.58351e-14)
(-36.5447 -6.02172 -5.01648e-14)
(-34.3222 -6.40365 -4.91997e-14)
(-32.3037 -6.86843 -4.67116e-14)
(-30.4975 -7.39392 -4.59543e-14)
(-28.9065 -7.96007 -4.81779e-14)
(-27.5285 -8.54928 -4.83734e-14)
(-26.357 -9.14685 -4.65387e-14)
(-25.3811 -9.74185 -4.47748e-14)
(-24.5852 -10.3296 -4.70866e-14)
(-23.9564 -10.9043 -4.8391e-14)
(-23.4737 -11.4557 -4.60925e-14)
(-23.1118 -11.9923 -4.5205e-14)
(-22.8647 -12.5217 -4.37029e-14)
(-22.71 -13.037 -4.28612e-14)
(-22.6325 -13.5422 -4.6226e-14)
(-22.6168 -14.0396 -4.33456e-14)
(-22.6476 -14.5327 -4.23912e-14)
(-22.7119 -15.0243 -4.3832e-14)
(-22.7989 -15.5157 -4.5206e-14)
(-22.9005 -16.0062 -4.3402e-14)
(-23.0118 -16.4923 -4.52884e-14)
(-23.1305 -16.9674 -4.14868e-14)
(-23.2572 -17.4218 -3.8506e-14)
(-23.3944 -17.8422 -4.14721e-14)
(-23.5466 -18.2126 -3.94203e-14)
(-23.721 -18.5163 -4.0834e-14)
(-23.9168 -18.7281 -4.43117e-14)
(-24.0769 -18.8256 -4.07972e-14)
(-24.3297 -18.8025 -3.94471e-14)
(-24.6266 -18.5957 -3.36008e-14)
(-24.8981 -18.1806 -3.92471e-14)
(-25.1363 -17.5662 -3.33767e-14)
(-25.3143 -16.7418 -3.77095e-14)
(-25.3873 -15.7134 -4.04606e-14)
(-25.3056 -14.5098 -3.44159e-14)
(-25.0199 -13.1784 -3.89498e-14)
(-24.4867 -11.7846 -4.13485e-14)
(-23.6747 -10.4068 -4.21677e-14)
(-22.5706 -9.12808 -3.56454e-14)
(-21.1834 -8.02527 -3.5973e-14)
(-19.5444 -7.15831 -3.43916e-14)
(-17.7036 -6.5631 -3.88723e-14)
(-15.7219 -6.25009 -3.08009e-14)
(-13.6633 -6.20755 -3.17498e-14)
(-11.5895 -6.40665 -3.26181e-14)
(-9.55592 -6.80641 -3.31448e-14)
(-7.60977 -7.35873 -3.50218e-14)
(-5.78666 -8.01426 -3.47284e-14)
(-4.10724 -8.72879 -3.31571e-14)
(-2.57629 -9.46447 -3.45994e-14)
(-1.20656 -10.238 -3.4567e-14)
(0.0712713 -10.9984 -3.22127e-14)
(1.23299 -11.7518 -3.60388e-14)
(2.26128 -12.4982 -3.83936e-14)
(3.19462 -13.2319 -3.55977e-14)
(4.0436 -13.9574 -3.52869e-14)
(4.81605 -14.6781 -3.88746e-14)
(5.51635 -15.4 -3.66455e-14)
(6.14937 -16.1268 -3.83583e-14)
(6.71646 -16.8626 -4.02297e-14)
(7.21745 -17.611 -3.98074e-14)
(7.65137 -18.3759 -3.95761e-14)
(8.01571 -19.1588 -3.63663e-14)
(8.30763 -19.9605 -3.93478e-14)
(8.52505 -20.7846 -3.81031e-14)
(8.66491 -21.6328 -3.64416e-14)
(8.72371 -22.5066 -4.26728e-14)
(8.69732 -23.4071 -4.01924e-14)
(8.58069 -24.3349 -4.30584e-14)
(8.3675 -25.29 -4.82493e-14)
(8.04979 -26.2717 -5.43878e-14)
(7.61756 -27.2776 -5.54074e-14)
(7.05842 -28.3035 -5.29936e-14)
(6.35724 -29.3424 -4.97785e-14)
(5.49595 -30.384 -5.30736e-14)
(4.45333 -31.4129 -6.05301e-14)
(3.20503 -32.4077 -5.76274e-14)
(1.72369 -33.3388 -5.72741e-14)
(-0.0205533 -34.1664 -6.43707e-14)
(-2.05899 -34.8376 -7.03645e-14)
(-4.42239 -35.2842 -6.89953e-14)
(-7.1374 -35.4203 -7.4429e-14)
(-10.2206 -35.1424 -6.49672e-14)
)
;
    }
    inlet
    {
        type            calculated;
        value           uniform (0 0 0);
    }
    rWedge
    {
        type            wedge;
    }
    lWedge
    {
        type            wedge;
    }
    outlet
    {
        type            calculated;
        value           nonuniform 0();
    }
    procBoundary2to0
    {
        type            processor;
        value           uniform (0 0 0);
    }
    procBoundary2to1
    {
        type            processor;
        value           uniform (0 0 0);
    }
    procBoundary2to3
    {
        type            processor;
        value           uniform (0 0 0);
    }
}


// ************************************************************************* //
