0.00600857 	2764.5 	-3.63391e-07 	9.02227e-13
0.00605194 	2764.5 	-3.63391e-07 	9.22687e-13
0.00612086 	2764.5 	-3.63392e-07 	9.41271e-13
0.00618845 	2764.5 	-3.63392e-07 	9.42328e-13
0.00625472 	2764.5 	-3.63392e-07 	9.4311e-13
0.0063197 	2764.5 	-3.63393e-07 	9.44171e-13
0.00638343 	2764.5 	-3.63393e-07 	9.45421e-13
0.00644591 	2764.5 	-3.63393e-07 	9.46675e-13
0.00650718 	2764.5 	-3.63393e-07 	9.4754e-13
0.00656726 	2764.5 	-3.63394e-07 	9.48646e-13
0.00662618 	2764.5 	-3.63394e-07 	9.49363e-13
0.00668395 	2764.5 	-3.63394e-07 	9.50159e-13
0.0067406 	2764.5 	-3.63394e-07 	9.51111e-13
0.00679615 	2764.5 	-3.63394e-07 	9.52227e-13
0.00685062 	2764.5 	-3.63394e-07 	9.5295e-13
0.00690403 	2764.5 	-3.63395e-07 	9.53619e-13
0.0069564 	2764.5 	-3.63395e-07 	9.54392e-13
0.00700776 	2764.5 	-3.63395e-07 	9.55445e-13
0.00705812 	2764.5 	-3.63395e-07 	9.56197e-13
0.0071075 	2764.5 	-3.63395e-07 	9.56457e-13
0.00715593 	2764.5 	-3.63395e-07 	9.57322e-13
0.00720341 	2764.5 	-3.63395e-07 	9.57906e-13
0.00724997 	2764.5 	-3.63396e-07 	9.58744e-13
0.00729563 	2764.5 	-3.63396e-07 	9.59519e-13
0.0073404 	2764.5 	-3.63396e-07 	9.59841e-13
0.0073843 	2764.5 	-3.63396e-07 	9.60282e-13
0.00742735 	2764.5 	-3.63396e-07 	9.61289e-13
0.00746956 	2764.5 	-3.63396e-07 	9.61791e-13
0.00751095 	2764.5 	-3.63396e-07 	9.62124e-13
0.00755154 	2764.5 	-3.63396e-07 	9.6255e-13
0.00759134 	2764.5 	-3.63396e-07 	9.63084e-13
0.00763037 	2764.5 	-3.63396e-07 	9.64284e-13
0.00766863 	2764.5 	-3.63396e-07 	9.64784e-13
0.00770616 	2764.5 	-3.63396e-07 	9.65181e-13
0.00774296 	2764.5 	-3.63397e-07 	9.65623e-13
0.00777904 	2764.5 	-3.63397e-07 	9.65929e-13
0.00781442 	2764.5 	-3.63397e-07 	9.66475e-13
0.00784912 	2764.5 	-3.63397e-07 	9.67169e-13
0.00788314 	2764.5 	-3.63397e-07 	9.67558e-13
0.0079165 	2764.5 	-3.63397e-07 	9.67842e-13
0.00794921 	2764.5 	-3.63396e-07 	9.67763e-13
0.00798129 	2764.5 	-3.63393e-07 	9.65927e-13
0.00801274 	2764.5 	-3.6338e-07 	9.55867e-13
0.00804359 	2764.5 	-3.6332e-07 	9.10864e-13
0.00807383 	2764.5 	-3.63058e-07 	7.1855e-13
0.00810349 	2764.5 	-3.61936e-07 	-7.82086e-14
0.00813257 	2764.48 	-3.57225e-07 	-3.29846e-12
0.00816109 	2764.44 	-3.37927e-07 	-1.60157e-11
0.00818905 	2764.27 	-2.60711e-07 	-6.4843e-11
0.00821647 	2763.62 	3.84604e-08 	-2.46501e-10
0.00824336 	2761.23 	1.1657e-06 	-8.91646e-10
0.00826972 	2753.34 	5.2019e-06 	-3.0048e-09
0.00829558 	2731.8 	1.92506e-05 	-8.69037e-09
0.00832093 	2685.86 	5.83966e-05 	-2.0067e-08
0.00834579 	2608.93 	0.000132872 	-3.71909e-08
0.00837016 	2502.53 	0.0002353 	-5.85779e-08
0.00839406 	2372.74 	0.000361376 	-8.28419e-08
0.0084175 	2225.39 	0.000505829 	-1.08939e-07
0.00844049 	2086.2 	1.23068 	0.0266412
0.00846302 	1916.5 	1.55657 	0.0338985
0.00848512 	1739.37 	1.8986 	0.0415291
0.00850679 	1557.77 	2.2514 	0.0494071
0.00852804 	1375.11 	2.60917 	0.0573978
0.00854888 	1195.66 	2.96443 	0.0653335
0.00856931 	1024.9 	3.31029 	0.0730398
0.00858934 	869.813 	3.6354 	0.0802827
0.00860899 	738.033 	3.91438 	0.0865861
0.00862826 	635.073 	4.12835 	0.0914815
0.00864715 	561.197 	4.27871 	0.0949228
0.00866567 	511.372 	4.37566 	0.0971346
0.00868383 	478.373 	4.43149 	0.0984031
0.00870164 	455.802 	4.46261 	0.0990539
0.00871911 	439.215 	4.47684 	0.0993322
0.00873624 	425.922 	4.48024 	0.0993811
0.00875303 	409.005 	7.31123 	2.39969e-11
0.0087695 	398.848 	7.29718 	2.30289e-11
0.00878564 	389.152 	7.28079 	2.22843e-11
0.00880148 	379.756 	7.26313 	2.14892e-11
0.008817 	370.59 	7.24473 	2.058e-11
0.00883223 	361.615 	7.22591 	1.98621e-11
0.00884716 	352.811 	7.20677 	1.92498e-11
0.0088618 	344.167 	7.18738 	1.87363e-11
0.00887615 	335.673 	7.16777 	1.81276e-11
0.00889023 	327.323 	7.14793 	1.75199e-11
0.00890403 	319.113 	7.12783 	1.69807e-11
0.00891757 	311.038 	7.10745 	1.65641e-11
0.00893084 	303.094 	7.08673 	1.59756e-11
0.00894385 	295.278 	7.06567 	1.54935e-11
0.00895661 	287.587 	7.04417 	1.50474e-11
0.00896913 	280.018 	7.02217 	1.45713e-11
0.0089814 	272.57 	6.99963 	1.41313e-11
0.00899343 	265.24 	6.97652 	1.37122e-11
0.00900523 	258.027 	6.95281 	1.32969e-11
0.0090168 	250.929 	6.92847 	1.29145e-11
0.00902814 	243.945 	6.90344 	1.24835e-11
0.00903927 	237.075 	6.87769 	1.20745e-11
0.00905018 	230.317 	6.8512 	1.17501e-11
0.00906087 	223.671 	6.82392 	1.13907e-11
0.00907136 	217.136 	6.79583 	1.10002e-11
0.00908165 	210.713 	6.76689 	1.06042e-11
0.00909173 	204.401 	6.73705 	1.01842e-11
0.00910162 	198.2 	6.70625 	9.80861e-12
0.00911132 	192.108 	6.67444 	9.50939e-12
0.00912083 	186.128 	6.64159 	9.22279e-12
0.00913015 	180.258 	6.6077 	8.91343e-12
0.0091393 	174.499 	6.57274 	8.65524e-12
0.00914826 	168.85 	6.5367 	8.41345e-12
0.00915706 	163.311 	6.49955 	8.13795e-12
0.00916568 	157.883 	6.46125 	7.77871e-12
0.00917413 	152.565 	6.42182 	7.54699e-12
0.00918242 	147.357 	6.38123 	7.28352e-12
0.00919055 	142.259 	6.33947 	7.04213e-12
0.00919852 	137.271 	6.29653 	6.76333e-12
0.00920634 	132.392 	6.25242 	6.49146e-12
0.009214 	127.622 	6.20715 	6.22424e-12
0.00922151 	122.96 	6.16073 	6.02442e-12
0.00922888 	118.406 	6.11322 	5.83693e-12
0.00923611 	113.96 	6.0647 	5.61513e-12
0.0092432 	109.621 	6.0153 	5.33769e-12
0.00925014 	105.387 	5.96513 	5.04748e-12
0.00925696 	101.26 	5.91409 	4.86464e-12
0.00926364 	97.2384 	5.86212 	4.72629e-12
0.00927019 	93.3211 	5.80917 	4.56446e-12
0.00927661 	89.5072 	5.75522 	4.35094e-12
0.00928291 	85.7957 	5.70024 	4.14591e-12
0.00928909 	82.1857 	5.64424 	3.95355e-12
0.00929515 	78.676 	5.58722 	3.76976e-12
0.00930109 	75.2654 	5.52919 	3.59048e-12
0.00930691 	71.9528 	5.47015 	3.41437e-12
0.00931262 	68.7368 	5.41008 	3.23694e-12
0.00931822 	65.6166 	5.34894 	3.05526e-12
0.00932371 	62.5911 	5.28676 	2.87545e-12
0.0093291 	59.659 	5.22355 	2.67568e-12
0.00933438 	56.8188 	5.15931 	2.52136e-12
0.00933956 	54.0693 	5.09401 	2.36511e-12
0.00934463 	51.4089 	5.02764 	2.2428e-12
0.00934961 	48.8362 	4.96019 	2.10573e-12
0.00935449 	46.3496 	4.89166 	1.99006e-12
0.00935928 	43.9473 	4.82207 	1.87896e-12
0.00936397 	41.6277 	4.75148 	1.76467e-12
0.00936858 	39.3893 	4.67992 	1.67909e-12
0.00937309 	37.2306 	4.60742 	1.60281e-12
0.00937752 	35.1504 	4.534 	1.5271e-12
0.00938186 	33.147 	4.45968 	1.44808e-12
0.00938611 	31.2191 	4.38445 	1.37347e-12
0.00939028 	29.365 	4.30833 	1.27631e-12
0.00939438 	27.5834 	4.23131 	1.18577e-12
0.00939839 	25.8727 	4.15338 	1.10127e-12
0.00940232 	24.2313 	4.07454 	1.0176e-12
0.00940618 	22.6577 	3.99478 	9.40546e-13
0.00940996 	21.1505 	3.91409 	8.68361e-13
0.00941367 	19.7082 	3.83244 	8.11601e-13
0.00941731 	18.3291 	3.74983 	7.58921e-13
0.00942088 	17.012 	3.66624 	7.0708e-13
0.00942438 	15.7553 	3.58165 	6.56808e-13
0.00942781 	14.5577 	3.49602 	6.06577e-13
0.00943117 	13.4176 	3.40933 	5.61912e-13
0.00943447 	12.3337 	3.32154 	5.18571e-13
0.0094377 	11.3045 	3.23261 	5.03597e-13
0.00944087 	10.3288 	3.1425 	4.83759e-13
0.00944398 	9.4052 	3.05114 	4.46893e-13
0.00944703 	8.5323 	2.95847 	4.27443e-13
0.00945002 	7.70885 	2.86441 	3.98438e-13
0.00945295 	6.93355 	2.76886 	3.73271e-13
0.00945583 	6.20516 	2.67171 	3.38549e-13
0.00945865 	5.52245 	2.57283 	3.10932e-13
0.00946141 	4.88423 	2.47206 	2.87929e-13
0.00946412 	4.28931 	2.36921 	2.55407e-13
0.00946678 	3.73654 	2.26407 	2.24289e-13
0.00946938 	3.22482 	2.15637 	2.04257e-13
0.00947194 	2.75301 	2.0458 	1.83149e-13
0.00947445 	2.32003 	1.93202 	1.54578e-13
0.0094769 	1.92471 	1.81458 	1.41102e-13
0.00947931 	1.56585 	1.69301 	1.30253e-13
0.00948168 	1.24201 	1.56669 	1.21906e-13
0.00948399 	0.951305 	1.43493 	1.16622e-13
0.00948627 	0.691259 	1.29687 	1.13784e-13
0.00948849 	0.458952 	1.15154 	1.09676e-13
0.00949068 	0.253751 	0.997914 	9.14182e-14
0.00949282 	0.0856752 	0.835183 	7.90167e-14
0.00949492 	-0.00402079 	0.661105 	6.96544e-14
0.00949698 	-0.0594351 	0.478466 	3.39529e-14
