/*--------------------------------*- C++ -*----------------------------------*\
| =========                 |                                                 |
| \\      /  F ield         | OpenFOAM: The Open Source CFD Toolbox           |
|  \\    /   O peration     | Version:  v1706                                 |
|   \\  /    A nd           | Web:      www.OpenFOAM.com                      |
|    \\/     M anipulation  |                                                 |
\*---------------------------------------------------------------------------*/
FoamFile
{
    version     2.0;
    format      ascii;
    class       volVectorField;
    location    "1.1e-05";
    object      wallShearStress;
}
// * * * * * * * * * * * * * * * * * * * * * * * * * * * * * * * * * * * * * //

dimensions      [1 -1 -2 0 0 0 0];


internalField   uniform (0 0 0);

boundaryField
{
    cone
    {
        type            calculated;
        value           nonuniform List<vector> 
153
(
(-146.695 -128.435 -5.35705e-14)
(-146.73 -126.997 -4.07328e-14)
(-146.735 -125.548 -3.97272e-14)
(-146.711 -124.09 -4.79676e-14)
(-146.657 -122.621 -3.79644e-14)
(-146.571 -121.144 -3.04263e-14)
(-146.455 -119.657 -4.39343e-14)
(-146.308 -118.162 -3.34585e-14)
(-146.13 -116.66 -3.16912e-14)
(-145.921 -115.15 -3.10319e-14)
(-145.68 -113.633 -3.38645e-14)
(-145.409 -112.11 -3.12151e-14)
(-145.106 -110.58 -3.77485e-14)
(-144.771 -109.046 -3.20459e-14)
(-144.405 -107.506 -2.55671e-14)
(-144.006 -105.962 -2.52539e-14)
(-143.574 -104.412 -3.23295e-14)
(-143.108 -102.859 -2.22151e-14)
(-142.609 -101.301 -2.36135e-14)
(-142.075 -99.7402 -2.6741e-14)
(-141.506 -98.1752 -2.27948e-14)
(-140.901 -96.6069 -2.36428e-14)
(-140.259 -95.0352 -1.46698e-14)
(-139.579 -93.4601 -1.34146e-14)
(-138.859 -91.8815 -1.42902e-14)
(-138.099 -90.2993 -8.84186e-15)
(-137.296 -88.7133 -2.09128e-14)
(-136.448 -87.1231 -2.16315e-14)
(-135.554 -85.5283 -1.53568e-14)
(-134.61 -83.9287 -1.66067e-14)
(-133.615 -82.3236 -2.65854e-14)
(-132.565 -80.7121 -1.83342e-14)
(-131.457 -79.093 -2.41309e-14)
(-130.286 -77.4651 -1.30122e-14)
(-129.047 -75.8272 -1.57825e-14)
(-127.735 -74.1787 -1.83466e-14)
(-126.344 -72.5175 -1.71913e-14)
(-124.867 -70.8414 -2.21567e-14)
(-123.296 -69.1478 -2.41542e-14)
(-121.623 -67.4347 -2.04286e-14)
(-119.835 -65.6961 -1.80783e-14)
(-117.948 -63.9147 -2.40837e-14)
(-115.952 -62.1118 -1.71304e-14)
(-113.788 -60.3652 -1.94765e-14)
(-111.455 -58.5507 -2.13345e-14)
(-108.934 -56.657 -2.09036e-14)
(-106.203 -54.7084 -2.38263e-14)
(-103.245 -52.6064 -1.98666e-14)
(-99.8495 -50.5938 -2.11126e-14)
(-96.5998 -48.804 -1.83152e-14)
(-93.7552 -47.3194 -2.5424e-14)
(-91.163 -45.9792 -2.63068e-14)
(-88.762 -44.742 -2.41842e-14)
(-86.5177 -43.5883 -2.49479e-14)
(-84.4086 -42.5046 -2.45144e-14)
(-82.4189 -41.4807 -2.4992e-14)
(-80.5366 -40.5095 -2.9962e-14)
(-78.7521 -39.5851 -2.89825e-14)
(-77.0571 -38.703 -2.79583e-14)
(-75.4447 -37.8595 -3.33615e-14)
(-73.9086 -37.0513 -2.87192e-14)
(-72.4433 -36.2758 -2.84273e-14)
(-71.0433 -35.5306 -3.2041e-14)
(-69.7038 -34.814 -3.35728e-14)
(-68.4197 -34.1244 -3.57788e-14)
(-67.1865 -33.4606 -3.03098e-14)
(-65.9994 -32.822 -2.93013e-14)
(-64.8542 -32.2081 -2.85601e-14)
(-63.7466 -31.6191 -3.57808e-14)
(-62.6727 -31.0555 -3.65797e-14)
(-61.6294 -30.5182 -3.07609e-14)
(-60.6138 -30.0087 -3.14058e-14)
(-59.6242 -29.5286 -2.91736e-14)
(-58.6597 -29.0794 -2.97943e-14)
(-57.7208 -28.6631 -3.49095e-14)
(-56.8092 -28.281 -3.69864e-14)
(-55.9279 -27.9342 -3.59926e-14)
(-55.0816 -27.6227 -3.42747e-14)
(-54.276 -27.346 -3.77294e-14)
(-53.518 -27.1018 -3.99084e-14)
(-52.8152 -26.8868 -3.78727e-14)
(-52.1759 -26.6954 -3.78765e-14)
(-51.6078 -26.5206 -3.7983e-14)
(-51.1181 -26.3531 -3.70982e-14)
(-50.7121 -26.1819 -4.3722e-14)
(-50.3922 -25.9943 -4.07862e-14)
(-50.1565 -25.7775 -3.95107e-14)
(-49.9985 -25.5185 -4.23919e-14)
(-49.908 -25.2022 -4.40231e-14)
(-49.8699 -24.8127 -4.23327e-14)
(-49.8557 -24.3626 -4.49739e-14)
(-49.7926 -23.8392 -3.99233e-14)
(-49.7504 -23.2368 -3.67835e-14)
(-49.6487 -22.5386 -4.22863e-14)
(-49.4363 -21.7777 -3.95884e-14)
(-49.0888 -20.968 -4.24858e-14)
(-48.5786 -20.1325 -4.82903e-14)
(-47.8831 -19.3003 -4.32693e-14)
(-46.9884 -18.5058 -4.19519e-14)
(-45.8912 -17.7863 -3.24736e-14)
(-44.6009 -17.1793 -4.12874e-14)
(-43.1403 -16.7184 -3.33708e-14)
(-41.5459 -16.4291 -3.86865e-14)
(-39.866 -16.3243 -4.36071e-14)
(-38.1571 -16.4027 -3.58845e-14)
(-36.4765 -16.6519 -4.16504e-14)
(-34.8705 -17.0616 -4.5501e-14)
(-33.4151 -17.6044 -4.69401e-14)
(-32.0857 -18.2218 -3.80822e-14)
(-30.9351 -18.9484 -3.86347e-14)
(-29.9845 -19.7762 -3.56253e-14)
(-29.2413 -20.6798 -4.49607e-14)
(-28.7277 -21.6378 -3.35397e-14)
(-28.4758 -22.5996 -3.54091e-14)
(-28.5001 -23.5485 -3.653e-14)
(-28.7964 -24.4572 -3.64646e-14)
(-29.3555 -25.3071 -4.12168e-14)
(-30.1593 -26.0794 -4.16759e-14)
(-31.1827 -26.7561 -3.9033e-14)
(-32.3928 -27.3235 -4.28762e-14)
(-33.7483 -27.7717 -4.50168e-14)
(-35.2009 -28.0958 -3.95499e-14)
(-36.6979 -28.2962 -4.64106e-14)
(-38.1851 -28.3799 -5.21087e-14)
(-39.6112 -28.3592 -4.72329e-14)
(-40.9311 -28.2509 -4.5805e-14)
(-42.1115 -28.0744 -5.4621e-14)
(-43.1341 -27.8487 -5.02314e-14)
(-43.9949 -27.5883 -5.2655e-14)
(-44.7013 -27.3056 -5.66884e-14)
(-45.2767 -27.0182 -5.6157e-14)
(-45.7484 -26.7377 -5.59866e-14)
(-46.1448 -26.4773 -5.00219e-14)
(-46.5104 -26.2564 -5.50078e-14)
(-46.8885 -26.0847 -5.10235e-14)
(-47.3181 -25.9673 -4.62735e-14)
(-47.8344 -25.9083 -5.70583e-14)
(-48.4744 -25.9137 -5.25816e-14)
(-49.2826 -25.9845 -5.44729e-14)
(-50.3073 -26.1122 -6.08873e-14)
(-51.5893 -26.2784 -6.84074e-14)
(-53.1551 -26.4566 -6.83746e-14)
(-55.0143 -26.6149 -6.43461e-14)
(-57.1601 -26.7164 -5.88789e-14)
(-59.5694 -26.7188 -6.13644e-14)
(-62.2014 -26.5711 -6.98946e-14)
(-65.0106 -26.1909 -6.4801e-14)
(-67.8555 -25.5737 -6.27007e-14)
(-70.7637 -24.7127 -6.85089e-14)
(-73.574 -23.4287 -7.32356e-14)
(-76.2223 -21.706 -6.89621e-14)
(-78.646 -19.4628 -7.21204e-14)
(-80.7944 -16.572 -6.01857e-14)
)
;
    }
    inlet
    {
        type            calculated;
        value           uniform (0 0 0);
    }
    rWedge
    {
        type            wedge;
    }
    lWedge
    {
        type            wedge;
    }
    outlet
    {
        type            calculated;
        value           nonuniform 0();
    }
    procBoundary2to0
    {
        type            processor;
        value           uniform (0 0 0);
    }
    procBoundary2to1
    {
        type            processor;
        value           uniform (0 0 0);
    }
    procBoundary2to3
    {
        type            processor;
        value           uniform (0 0 0);
    }
}


// ************************************************************************* //
