/*--------------------------------*- C++ -*----------------------------------*\
| =========                 |                                                 |
| \\      /  F ield         | OpenFOAM: The Open Source CFD Toolbox           |
|  \\    /   O peration     | Version:  v1706                                 |
|   \\  /    A nd           | Web:      www.OpenFOAM.com                      |
|    \\/     M anipulation  |                                                 |
\*---------------------------------------------------------------------------*/
FoamFile
{
    version     2.0;
    format      ascii;
    class       volVectorField;
    location    "1.1e-05";
    object      wallShearStress;
}
// * * * * * * * * * * * * * * * * * * * * * * * * * * * * * * * * * * * * * //

dimensions      [1 -1 -2 0 0 0 0];


internalField   uniform (0 0 0);

boundaryField
{
    cone
    {
        type            calculated;
        value           nonuniform List<vector> 
119
(
(-7.12113 -8.47254 -5.288e-10)
(-7.0148 -8.65337 -3.48533e-10)
(-6.93069 -8.82299 -2.05897e-10)
(-6.8664 -8.98193 -1.10266e-10)
(-6.8195 -9.13152 -5.40545e-11)
(-6.7874 -9.27316 -2.44771e-11)
(-6.76766 -9.40847 -1.0352e-11)
(-6.75809 -9.53906 -4.13855e-12)
(-6.7568 -9.66651 -1.59786e-12)
(-6.76227 -9.79219 -6.14412e-13)
(-6.77338 -9.91725 -2.4339e-13)
(-6.7894 -10.0425 -1.05406e-13)
(-6.8099 -10.1686 -4.08564e-14)
(-6.83481 -10.2958 -1.71938e-14)
(-6.86422 -10.4241 -9.62177e-15)
(-6.89843 -10.5533 -2.40709e-14)
(-6.93779 -10.6832 -8.08505e-15)
(-6.98269 -10.8133 -1.25871e-14)
(-7.0335 -10.9433 -1.24286e-14)
(-7.09051 -11.0728 -2.70533e-14)
(-7.15393 -11.2014 -3.71647e-14)
(-7.22383 -11.329 -2.91105e-14)
(-7.30024 -11.4553 -3.57019e-14)
(-7.38305 -11.5804 -1.16898e-14)
(-7.4721 -11.7044 -5.73e-15)
(-7.56718 -11.8275 -1.08459e-14)
(-7.6681 -11.9499 -1.41126e-14)
(-7.77464 -12.0719 -2.42982e-14)
(-7.88665 -12.1937 -2.13014e-14)
(-8.00401 -12.3157 -1.26556e-14)
(-8.12667 -12.438 -1.85525e-14)
(-8.25464 -12.5609 -2.99204e-14)
(-8.38797 -12.6844 -5.50814e-15)
(-8.52678 -12.8086 -2.48232e-14)
(-8.67122 -12.9336 -1.30538e-14)
(-8.82149 -13.0594 -1.30247e-14)
(-8.97778 -13.1859 -1.77229e-15)
(-9.14033 -13.3131 -1.68139e-14)
(-9.30933 -13.4409 -1.50851e-14)
(-9.48504 -13.5693 -9.8389e-15)
(-9.66767 -13.6981 -3.00479e-14)
(-9.85742 -13.8272 -1.30682e-14)
(-10.0545 -13.9567 -1.66253e-14)
(-10.2592 -14.0864 -3.11286e-14)
(-10.4715 -14.2163 -2.3363e-14)
(-10.6918 -14.3463 -3.86511e-14)
(-10.9202 -14.4762 -2.01425e-14)
(-11.1569 -14.6061 8.64809e-15)
(-11.4021 -14.7359 -1.93384e-14)
(-11.656 -14.8654 -1.43315e-14)
(-11.9187 -14.9945 -1.25813e-14)
(-12.1904 -15.1232 -1.8047e-14)
(-12.4713 -15.2513 -1.80056e-14)
(-12.7615 -15.3787 -1.17989e-14)
(-13.0612 -15.5054 -3.69432e-14)
(-13.3705 -15.6311 -1.54216e-14)
(-13.6896 -15.7558 -8.80159e-15)
(-14.0185 -15.8793 -2.64186e-14)
(-14.3575 -16.0016 -3.28028e-14)
(-14.7066 -16.1226 -2.68314e-14)
(-15.0661 -16.2422 -1.79148e-14)
(-15.436 -16.3603 -2.00091e-14)
(-15.8166 -16.4768 -2.11006e-14)
(-16.208 -16.5917 -2.66714e-14)
(-16.6104 -16.7048 -2.16823e-14)
(-17.024 -16.8161 -3.02721e-14)
(-17.4488 -16.9254 -2.13603e-14)
(-17.8851 -17.0327 -3.2264e-14)
(-18.3328 -17.1379 -3.13375e-14)
(-18.7921 -17.2407 -3.09717e-14)
(-19.2629 -17.3412 -2.59424e-14)
(-19.7451 -17.4392 -2.51584e-14)
(-20.2388 -17.5347 -2.93618e-14)
(-20.7437 -17.6275 -1.86923e-14)
(-21.2598 -17.7177 -2.6779e-14)
(-21.787 -17.8052 -1.67907e-14)
(-22.3249 -17.8899 -1.88636e-14)
(-22.8736 -17.9719 -2.87721e-14)
(-23.4328 -18.0512 -1.51196e-14)
(-24.0022 -18.1279 -3.95161e-14)
(-24.5818 -18.2021 -1.70936e-14)
(-25.1714 -18.2738 -2.12275e-14)
(-25.7707 -18.343 -2.73295e-14)
(-26.3795 -18.4099 -2.33144e-14)
(-26.9976 -18.4748 -2.48556e-14)
(-27.6247 -18.5381 -6.0408e-15)
(-28.2605 -18.6003 -1.49805e-14)
(-28.905 -18.6614 -3.96047e-14)
(-29.5586 -18.7209 -3.11056e-14)
(-30.2208 -18.7792 -3.22575e-14)
(-30.8913 -18.8371 -2.78594e-14)
(-31.5701 -18.8951 -2.61359e-14)
(-32.2573 -18.9534 -4.30242e-14)
(-32.9533 -19.0124 -2.63117e-14)
(-33.6584 -19.0724 -1.8585e-14)
(-34.3731 -19.1337 -3.18453e-14)
(-35.0983 -19.1965 -5.6504e-14)
(-35.8348 -19.2611 -1.21084e-14)
(-36.584 -19.3278 -1.76606e-14)
(-37.3472 -19.3979 -9.03027e-16)
(-38.126 -19.4709 -9.13161e-15)
(-38.9223 -19.5478 -3.32056e-14)
(-39.7369 -19.6281 -2.44002e-14)
(-40.5691 -19.7095 -1.64848e-14)
(-41.415 -19.7894 -5.43379e-14)
(-42.2689 -19.8594 -2.90856e-14)
(-43.1142 -19.911 -4.38939e-14)
(-43.9302 -19.9307 -5.16203e-14)
(-44.6846 -19.9011 -3.37707e-14)
(-45.3323 -19.8066 -2.94233e-14)
(-45.8336 -19.6411 -2.5889e-14)
(-46.0899 -19.3958 -4.14676e-14)
(-46.1478 -19.1022 -1.44148e-14)
(-45.9338 -18.8026 -4.77897e-14)
(-45.6946 -18.5922 -1.14001e-14)
(-45.8173 -18.4637 -3.13666e-14)
(-45.1656 -17.7842 -2.45164e-14)
(-43.342 -16.0307 -1.11372e-14)
(-40.5965 -14.4919 -2.01755e-14)
)
;
    }
    inlet
    {
        type            calculated;
        value           uniform (0 0 0);
    }
    rWedge
    {
        type            wedge;
    }
    lWedge
    {
        type            wedge;
    }
    outlet
    {
        type            calculated;
        value           uniform (0 0 0);
    }
    procBoundary0to1
    {
        type            processor;
        value           uniform (0 0 0);
    }
    procBoundary0to2
    {
        type            processor;
        value           uniform (0 0 0);
    }
}


// ************************************************************************* //
