/*--------------------------------*- C++ -*----------------------------------*\
| =========                 |                                                 |
| \\      /  F ield         | OpenFOAM: The Open Source CFD Toolbox           |
|  \\    /   O peration     | Version:  v1706                                 |
|   \\  /    A nd           | Web:      www.OpenFOAM.com                      |
|    \\/     M anipulation  |                                                 |
\*---------------------------------------------------------------------------*/
FoamFile
{
    version     2.0;
    format      ascii;
    class       volVectorField;
    location    "3e-06";
    object      wallShearStress;
}
// * * * * * * * * * * * * * * * * * * * * * * * * * * * * * * * * * * * * * //

dimensions      [1 -1 -2 0 0 0 0];


internalField   uniform (0 0 0);

boundaryField
{
    cone
    {
        type            calculated;
        value           nonuniform List<vector> 
147
(
(-286.196 -8.68905 -4.63496e-10)
(-287.048 -14.7578 -4.66742e-10)
(-288.351 -21.1618 -4.1206e-10)
(-290.074 -27.5934 -3.46975e-10)
(-292.29 -33.9941 -2.87143e-10)
(-295 -40.3748 -2.35954e-10)
(-298.219 -46.7393 -1.93808e-10)
(-301.959 -53.0892 -1.59709e-10)
(-306.24 -59.4238 -1.32329e-10)
(-311.08 -65.7389 -1.10063e-10)
(-316.498 -72.0283 -9.26113e-11)
(-322.517 -78.2876 -7.84533e-11)
(-329.165 -84.5129 -6.70649e-11)
(-336.487 -90.6969 -5.77594e-11)
(-344.521 -96.8325 -5.02073e-11)
(-353.308 -102.911 -4.39778e-11)
(-362.894 -108.918 -3.89115e-11)
(-373.316 -114.84 -3.46985e-11)
(-384.641 -120.67 -3.11001e-11)
(-396.936 -126.384 -2.8108e-11)
(-410.275 -131.966 -2.55566e-11)
(-424.741 -137.397 -2.33428e-11)
(-440.425 -142.657 -2.13874e-11)
(-457.43 -147.721 -1.97747e-11)
(-475.87 -152.558 -1.8226e-11)
(-495.868 -157.139 -1.69473e-11)
(-517.568 -161.424 -1.57744e-11)
(-541.132 -165.372 -1.47753e-11)
(-566.734 -168.933 -1.38248e-11)
(-594.578 -172.05 -1.29945e-11)
(-624.863 -174.662 -1.22679e-11)
(-657.829 -176.692 -1.15474e-11)
(-693.762 -178.056 -1.08806e-11)
(-732.928 -178.667 -1.03471e-11)
(-775.616 -178.415 -9.75888e-12)
(-822.292 -177.173 -9.30025e-12)
(-873.301 -174.75 -8.85997e-12)
(-928.848 -170.896 -8.3763e-12)
(-989.353 -165.545 -7.96676e-12)
(-1055.15 -158.498 -7.5605e-12)
(-1126.52 -149.537 -7.20536e-12)
(-1203.68 -138.439 -6.93813e-12)
(-1286.77 -124.976 -6.60194e-12)
(-1375.8 -108.991 -6.22653e-12)
(-1470.57 -90.2255 -5.92158e-12)
(-1570.58 -68.4533 -5.62937e-12)
(-1675.05 -43.5347 -5.36781e-12)
(-1782.8 -15.4123 -5.08877e-12)
(-1892.2 15.8579 -4.78955e-12)
(-2001.31 50.051 -4.47795e-12)
(-2107.95 86.8819 -4.23476e-12)
(-2209.62 125.903 -3.95011e-12)
(-2303.69 166.534 -3.70366e-12)
(-2387.6 208.087 -3.43117e-12)
(-2459.02 249.795 -3.18885e-12)
(-2515.91 290.88 -2.94895e-12)
(-2556.78 330.586 -2.71417e-12)
(-2580.81 368.206 -2.47351e-12)
(-2587.73 403.141 -2.28007e-12)
(-2577.84 434.906 -2.06796e-12)
(-2551.94 463.121 -1.86914e-12)
(-2511.34 487.506 -1.69429e-12)
(-2457.85 507.991 -1.54002e-12)
(-2394.11 524.992 -1.38809e-12)
(-2322.49 538.603 -1.24157e-12)
(-2243.89 548.598 -1.10015e-12)
(-2159.75 555.133 -9.87547e-13)
(-2071.44 558.4 -8.81204e-13)
(-1980.21 558.608 -7.82109e-13)
(-1887.14 555.972 -6.86889e-13)
(-1793.17 550.708 -6.06711e-13)
(-1699.11 543.03 -5.37018e-13)
(-1605.64 533.148 -4.74902e-13)
(-1513.31 521.267 -4.14664e-13)
(-1422.58 507.582 -3.67029e-13)
(-1333.81 492.284 -3.09064e-13)
(-1247.31 475.554 -2.66768e-13)
(-1163.28 457.57 -2.27616e-13)
(-1081.92 438.505 -1.99758e-13)
(-1003.35 418.529 -1.69487e-13)
(-927.716 397.828 -1.43389e-13)
(-855.414 376.725 -1.15701e-13)
(-786.408 355.319 -1.02772e-13)
(-720.314 333.534 -8.52586e-14)
(-657.142 311.518 -7.17647e-14)
(-596.914 289.416 -6.00075e-14)
(-539.654 267.374 -5.01516e-14)
(-485.388 245.536 -3.93867e-14)
(-434.137 224.04 -3.13089e-14)
(-385.924 203.023 -2.42079e-14)
(-340.773 182.617 -1.91458e-14)
(-298.712 162.958 -1.59436e-14)
(-259.784 144.184 -1.11044e-14)
(-224.045 126.44 -7.5481e-15)
(-191.535 109.856 -5.46086e-15)
(-162.231 94.5219 -3.76169e-15)
(-136.041 80.4783 -2.07545e-15)
(-112.822 67.7328 -1.5891e-15)
(-92.495 56.3288 -3.50619e-16)
(-74.897 46.2472 -3.8979e-17)
(-59.8716 37.4688 6.12422e-16)
(-47.2309 29.946 6.78474e-16)
(-36.759 23.6041 9.88883e-16)
(-28.2192 18.3459 1.24927e-15)
(-21.3637 14.0574 1.2787e-15)
(-15.9439 10.6152 1.21249e-15)
(-11.7216 7.8935 1.18832e-15)
(-8.47673 5.77135 1.18258e-15)
(-6.01396 4.13723 1.13181e-15)
(-4.16525 2.89246 1.13121e-15)
(-2.78993 1.95205 1.14473e-15)
(-1.76013 1.23573 1.10449e-15)
(-1.0115 0.706886 1.06215e-15)
(-0.470651 0.317939 1.09166e-15)
(-0.0825854 0.0332387 1.09028e-15)
(0.193864 -0.174264 1.12989e-15)
(0.39014 -0.325945 1.12394e-15)
(0.528043 -0.436308 1.18878e-15)
(0.624069 -0.516671 1.19404e-15)
(0.690229 -0.575369 1.14711e-15)
(0.73517 -0.618488 1.13226e-15)
(0.765093 -0.650449 1.10256e-15)
(0.784464 -0.674485 1.06004e-15)
(0.796427 -0.692868 1.08855e-15)
(0.8032 -0.707243 1.12206e-15)
(0.806344 -0.718782 1.09666e-15)
(0.806983 -0.728345 1.11503e-15)
(0.805885 -0.736516 1.1333e-15)
(0.803579 -0.743706 1.1341e-15)
(0.800438 -0.750207 1.13781e-15)
(0.796723 -0.756227 1.10869e-15)
(0.792605 -0.7619 1.14242e-15)
(0.788218 -0.76734 1.12449e-15)
(0.783643 -0.772595 1.15659e-15)
(0.778908 -0.777713 1.14379e-15)
(0.774079 -0.782744 1.1351e-15)
(0.769173 -0.7877 1.07527e-15)
(0.764204 -0.792595 1.05006e-15)
(0.759178 -0.797436 1.0079e-15)
(0.754084 -0.802218 9.753e-16)
(0.748896 -0.806931 9.44628e-16)
(0.743577 -0.811567 9.31386e-16)
(0.738124 -0.816167 9.20184e-16)
(0.732595 -0.82081 9.18381e-16)
(0.727142 -0.825654 9.42714e-16)
(0.721939 -0.830726 9.37135e-16)
(-285.385 -3.08615 -2.86368e-10)
)
;
    }
    inlet
    {
        type            calculated;
        value           uniform (0 0 0);
    }
    rWedge
    {
        type            wedge;
    }
    lWedge
    {
        type            wedge;
    }
    outlet
    {
        type            calculated;
        value           nonuniform 0();
    }
    procBoundary3to2
    {
        type            processor;
        value           uniform (0 0 0);
    }
}


// ************************************************************************* //
