/*--------------------------------*- C++ -*----------------------------------*\
| =========                 |                                                 |
| \\      /  F ield         | OpenFOAM: The Open Source CFD Toolbox           |
|  \\    /   O peration     | Version:  v1706                                 |
|   \\  /    A nd           | Web:      www.OpenFOAM.com                      |
|    \\/     M anipulation  |                                                 |
\*---------------------------------------------------------------------------*/
FoamFile
{
    version     2.0;
    format      ascii;
    class       volVectorField;
    location    "8e-06";
    object      wallShearStress;
}
// * * * * * * * * * * * * * * * * * * * * * * * * * * * * * * * * * * * * * //

dimensions      [1 -1 -2 0 0 0 0];


internalField   uniform (0 0 0);

boundaryField
{
    cone
    {
        type            calculated;
        value           nonuniform List<vector> 
181
(
(-13.6683 -34.3342 -7.12782e-14)
(-17.4407 -32.8839 -7.0189e-14)
(-21.441 -30.717 -6.87749e-14)
(-25.4943 -27.8425 -7.59227e-14)
(-29.3945 -24.3241 -7.33642e-14)
(-32.7467 -20.3111 -7.42272e-14)
(-35.6082 -16.23 -7.62993e-14)
(-37.4252 -12.2751 -7.94338e-14)
(-38.154 -8.96984 -7.93866e-14)
(-37.7492 -6.60345 -7.2103e-14)
(-36.3236 -5.39291 -7.40539e-14)
(-34.137 -5.32709 -7.10677e-14)
(-31.5562 -6.13711 -7.24184e-14)
(-28.9287 -7.45897 -6.95429e-14)
(-26.5025 -8.96275 -6.71924e-14)
(-24.4153 -10.4085 -6.4304e-14)
(-22.7136 -11.6556 -6.71063e-14)
(-21.3813 -12.6462 -6.58327e-14)
(-20.3675 -13.3794 -6.80719e-14)
(-19.6081 -13.8863 -5.67019e-14)
(-19.0395 -14.2116 -5.48312e-14)
(-18.6062 -14.4014 -5.59629e-14)
(-18.2639 -14.4963 -5.80843e-14)
(-17.9796 -14.5289 -5.50125e-14)
(-17.7305 -14.5228 -5.71084e-14)
(-17.5017 -14.4941 -5.4612e-14)
(-17.2838 -14.453 -5.61191e-14)
(-17.0715 -14.4059 -5.64433e-14)
(-16.8615 -14.3566 -5.95288e-14)
(-16.6524 -14.3069 -6.29967e-14)
(-16.4431 -14.258 -5.982e-14)
(-16.2333 -14.2105 -5.36417e-14)
(-16.0231 -14.1646 -5.63281e-14)
(-15.8127 -14.1205 -6.03874e-14)
(-15.602 -14.0781 -4.71687e-14)
(-15.3909 -14.0373 -5.20707e-14)
(-15.1791 -13.9983 -4.24364e-14)
(-14.9665 -13.9616 -5.04565e-14)
(-14.7535 -13.9273 -5.32941e-14)
(-14.5404 -13.8954 -6.0102e-14)
(-14.3276 -13.8658 -4.98265e-14)
(-14.1153 -13.8386 -4.80046e-14)
(-13.9033 -13.8138 -4.55124e-14)
(-13.6917 -13.7919 -5.66573e-14)
(-13.4813 -13.7722 -5.93834e-14)
(-13.2705 -13.755 -5.17827e-14)
(-13.0606 -13.7428 -5.42381e-14)
(-12.8518 -13.7343 -4.4569e-14)
(-12.6443 -13.7297 -5.32857e-14)
(-12.4387 -13.7289 -4.72582e-14)
(-12.2349 -13.7322 -4.25299e-14)
(-12.033 -13.7398 -4.28023e-14)
(-11.833 -13.7522 -4.86326e-14)
(-11.635 -13.7699 -5.09307e-14)
(-11.4392 -13.7932 -5.73094e-14)
(-11.2457 -13.8225 -5.73802e-14)
(-11.0549 -13.8581 -4.61983e-14)
(-10.8669 -13.9004 -4.47068e-14)
(-10.6822 -13.9499 -4.43645e-14)
(-10.5008 -14.0068 -4.60951e-14)
(-10.3234 -14.0717 -4.85085e-14)
(-10.15 -14.1449 -4.77604e-14)
(-9.98118 -14.2267 -4.68775e-14)
(-9.81714 -14.3176 -4.45066e-14)
(-9.6585 -14.418 -4.96103e-14)
(-9.50558 -14.5283 -4.28559e-14)
(-9.35881 -14.6487 -4.37958e-14)
(-9.21879 -14.7798 -5.38199e-14)
(-9.08607 -14.9217 -4.16108e-14)
(-8.96129 -15.075 -4.45682e-14)
(-8.84516 -15.2398 -5.20778e-14)
(-8.73852 -15.4163 -4.73915e-14)
(-8.64235 -15.6046 -4.92015e-14)
(-8.55772 -15.8047 -4.55994e-14)
(-8.48578 -16.0163 -4.4792e-14)
(-8.42784 -16.2394 -4.11934e-14)
(-8.38529 -16.4734 -4.33456e-14)
(-8.35959 -16.7177 -4.19343e-14)
(-8.3523 -16.9717 -3.40971e-14)
(-8.36498 -17.2346 -5.01764e-14)
(-8.39922 -17.5052 -5.44675e-14)
(-8.4566 -17.7827 -4.4986e-14)
(-8.53872 -18.0659 -4.9354e-14)
(-8.64715 -18.3534 -5.06721e-14)
(-8.78342 -18.6439 -4.91843e-14)
(-8.94906 -18.9359 -4.65369e-14)
(-9.14553 -19.2279 -4.29496e-14)
(-9.37425 -19.5179 -5.00975e-14)
(-9.63654 -19.8041 -5.11705e-14)
(-9.93361 -20.0844 -4.56208e-14)
(-10.2665 -20.3565 -5.4867e-14)
(-10.6362 -20.6177 -5.24582e-14)
(-11.0432 -20.8656 -5.90531e-14)
(-11.4877 -21.0971 -5.49034e-14)
(-11.9697 -21.3095 -5.81091e-14)
(-12.4885 -21.4996 -5.77361e-14)
(-13.0428 -21.6646 -5.40328e-14)
(-13.6306 -21.8017 -5.9514e-14)
(-14.2492 -21.9083 -5.08491e-14)
(-14.8949 -21.9823 -4.70269e-14)
(-15.5631 -22.0225 -5.53133e-14)
(-16.2481 -22.0281 -5.82101e-14)
(-16.9436 -21.9997 -5.26713e-14)
(-17.6421 -21.9389 -5.89648e-14)
(-18.3356 -21.8487 -4.9316e-14)
(-19.0158 -21.7336 -6.18757e-14)
(-19.6741 -21.5992 -4.8621e-14)
(-20.3024 -21.4524 -5.37551e-14)
(-20.8937 -21.301 -5.2238e-14)
(-21.4419 -21.153 -5.7173e-14)
(-21.9429 -21.0165 -5.39156e-14)
(-22.3947 -20.8987 -5.84982e-14)
(-22.7974 -20.8059 -5.30475e-14)
(-23.1534 -20.7428 -4.44168e-14)
(-23.4671 -20.7123 -4.51697e-14)
(-23.7447 -20.7154 -4.15638e-14)
(-23.9938 -20.751 -5.77871e-14)
(-24.2229 -20.8167 -3.47432e-14)
(-24.4407 -20.9084 -6.28083e-14)
(-24.6553 -21.0213 -5.74193e-14)
(-24.8746 -21.1505 -5.40401e-14)
(-25.1048 -21.2907 -5.90493e-14)
(-25.3513 -21.4373 -4.92689e-14)
(-25.6181 -21.586 -5.54104e-14)
(-25.9078 -21.7335 -4.77727e-14)
(-26.2221 -21.8769 -6.74505e-14)
(-26.5615 -22.0142 -3.65167e-14)
(-26.9259 -22.1441 -6.17538e-14)
(-27.3145 -22.2658 -3.89123e-14)
(-27.7262 -22.379 -7.04506e-14)
(-28.1595 -22.4837 -6.92305e-14)
(-28.6129 -22.5801 -5.22884e-14)
(-29.0848 -22.6689 -3.99946e-14)
(-29.5739 -22.7504 -5.7871e-14)
(-30.0786 -22.8254 -5.22705e-14)
(-30.5977 -22.8945 -5.3604e-14)
(-31.1301 -22.9584 -6.0073e-14)
(-31.6749 -23.0175 -6.16397e-14)
(-32.2312 -23.0726 -6.85007e-14)
(-32.7983 -23.1243 -4.7152e-14)
(-33.3757 -23.173 -3.39353e-14)
(-33.9631 -23.2193 -5.94716e-14)
(-34.5601 -23.2637 -6.47574e-14)
(-35.1666 -23.3065 -6.67131e-14)
(-35.7827 -23.3478 -5.16702e-14)
(-36.4085 -23.3877 -5.20369e-14)
(-37.0442 -23.4262 -4.78713e-14)
(-37.69 -23.4637 -5.01825e-14)
(-38.3461 -23.5002 -7.30368e-14)
(-39.0129 -23.5357 -6.24274e-14)
(-39.6909 -23.5702 -5.49969e-14)
(-40.3805 -23.6034 -4.83635e-14)
(-41.0823 -23.6353 -3.98062e-14)
(-41.7966 -23.6658 -5.87745e-14)
(-42.5241 -23.6949 -5.12539e-14)
(-43.265 -23.7224 -4.75731e-14)
(-44.0202 -23.748 -5.24222e-14)
(-44.7901 -23.7722 -6.48788e-14)
(-45.5753 -23.7937 -7.09175e-14)
(-46.3772 -23.8135 -6.02778e-14)
(-47.1953 -23.8304 -6.24086e-14)
(-48.0325 -23.8439 -5.39369e-14)
(-48.8877 -23.855 -7.03939e-14)
(-49.7624 -23.8621 -7.62733e-14)
(-50.6611 -23.8629 -3.72127e-14)
(-51.5791 -23.8607 -2.54937e-14)
(-52.5218 -23.8547 -5.31181e-14)
(-53.4913 -23.8401 -2.1741e-14)
(-54.488 -23.818 4.69615e-15)
(-55.5141 -23.7875 -8.1914e-14)
(-56.5719 -23.7472 -2.48318e-12)
(-57.6636 -23.6956 -2.29447e-11)
(-58.7919 -23.631 -1.89585e-10)
(-59.9594 -23.5516 -8.91696e-10)
(-61.1693 -23.4551 -2.58843e-09)
(-62.4249 -23.3389 -4.92691e-09)
(-63.7299 -23.2001 -6.68604e-09)
(-65.0884 -23.0353 -6.92322e-09)
(-66.5052 -22.8407 -5.74881e-09)
(-67.9857 -22.6119 -3.96991e-09)
(-69.5355 -22.3435 -2.34276e-09)
)
;
    }
    inlet
    {
        type            calculated;
        value           uniform (0 0 0);
    }
    rWedge
    {
        type            wedge;
    }
    lWedge
    {
        type            wedge;
    }
    outlet
    {
        type            calculated;
        value           nonuniform 0();
    }
    procBoundary1to0
    {
        type            processor;
        value           uniform (0 0 0);
    }
    procBoundary1to2
    {
        type            processor;
        value           uniform (0 0 0);
    }
}


// ************************************************************************* //
