/*--------------------------------*- C++ -*----------------------------------*\
| =========                 |                                                 |
| \\      /  F ield         | OpenFOAM: The Open Source CFD Toolbox           |
|  \\    /   O peration     | Version:  v1706                                 |
|   \\  /    A nd           | Web:      www.OpenFOAM.com                      |
|    \\/     M anipulation  |                                                 |
\*---------------------------------------------------------------------------*/
FoamFile
{
    version     2.0;
    format      ascii;
    class       volScalarField;
    location    "1.2e-05";
    object      frictionCoefficient;
}
// * * * * * * * * * * * * * * * * * * * * * * * * * * * * * * * * * * * * * //

dimensions      [0 0 0 0 0 0 0];


internalField   uniform 0;

boundaryField
{
    cone
    {
        type            calculated;
        value           nonuniform List<scalar> 
600
(
0.00254645
0.00387288
0.00538973
0.00686609
0.00839267
0.00988733
0.0114072
0.0129066
0.0144175
0.015916
0.0174181
0.0189122
0.0204056
0.0218932
0.0233779
0.0248574
0.0263329
0.0278032
0.0292686
0.0307287
0.0321831
0.0336307
0.0350724
0.0365084
0.0379376
0.03936
0.0407751
0.0421828
0.0435827
0.0449745
0.046358
0.0477328
0.0490989
0.0504558
0.0518033
0.0531413
0.0544689
0.0557864
0.0570928
0.0583891
0.0596745
0.0609491
0.0622123
0.0634637
0.0647035
0.0659305
0.067146
0.0683484
0.0695388
0.0707157
0.0718796
0.0730301
0.0741667
0.0752898
0.076399
0.0774939
0.0785743
0.0796399
0.0806911
0.0817274
0.0827488
0.0837548
0.0847457
0.0857208
0.0866803
0.0876242
0.0885515
0.0894632
0.0903582
0.091237
0.0920994
0.0929449
0.0937735
0.0945852
0.0953801
0.0961576
0.0969181
0.0976609
0.0983867
0.0990949
0.0997851
0.100458
0.101113
0.10175
0.10237
0.102971
0.103554
0.104119
0.104667
0.105196
0.105707
0.1062
0.106674
0.10713
0.107568
0.107988
0.10839
0.108773
0.109137
0.109484
0.109812
0.110122
0.110413
0.110687
0.110943
0.111179
0.111398
0.1116
0.111783
0.111948
0.112095
0.112224
0.112336
0.112431
0.112508
0.112567
0.112609
0.112634
0.112642
0.112633
0.112608
0.112564
0.112504
0.112427
0.112333
0.112223
0.112097
0.111954
0.111796
0.111621
0.111431
0.111225
0.111004
0.110767
0.110516
0.110249
0.109968
0.109671
0.109361
0.109035
0.108696
0.108343
0.107978
0.107599
0.107207
0.106801
0.106379
0.105941
0.105491
0.105029
0.104554
0.104068
0.103569
0.103057
0.102533
0.101998
0.10145
0.10089
0.100318
0.0997335
0.0991374
0.0985285
0.0979081
0.0972744
0.0966285
0.0959698
0.0952976
0.0946123
0.0939128
0.0931992
0.0924705
0.0917265
0.0909656
0.0901867
0.0893898
0.0885724
0.0877338
0.0868719
0.0859845
0.0850695
0.0841235
0.0831441
0.0821276
0.0810701
0.0799667
0.0788131
0.0776028
0.0763287
0.0749787
0.0735491
0.0720561
0.0704544
0.0687079
0.0667714
0.064656
0.0626463
0.0608926
0.0592884
0.0577942
0.0563879
0.055057
0.0537919
0.0525854
0.051432
0.0503273
0.0492674
0.0482496
0.047271
0.0463293
0.0454227
0.0445491
0.043707
0.0428949
0.0421114
0.0413553
0.0406254
0.0399208
0.0392404
0.0385833
0.0379488
0.0373362
0.0367448
0.036174
0.0356232
0.0350918
0.0345791
0.0340844
0.0336068
0.0331452
0.0326984
0.0322648
0.0318425
0.0314296
0.0310239
0.030623
0.0302249
0.0298276
0.0294292
0.0290296
0.0286291
0.0282281
0.0278297
0.0274375
0.0270567
0.0266918
0.0263506
0.0260396
0.0257662
0.0255402
0.0253697
0.0252516
0.0251786
0.025154
0.0251777
0.0252391
0.0253235
0.0254139
0.0254942
0.0255102
0.0255235
0.0254536
0.0252895
0.0250242
0.0246509
0.0241695
0.0235869
0.0229172
0.0221804
0.0214007
0.020605
0.0198204
0.0190721
0.0183819
0.0177669
0.0172397
0.0168079
0.0164807
0.0162225
0.0160713
0.0160097
0.0160315
0.0161282
0.0162901
0.0164993
0.0167389
0.0169908
0.0172364
0.0174592
0.0176458
0.0177877
0.0178808
0.0179266
0.0179343
0.0179191
0.0178993
0.0178944
0.0179262
0.0180181
0.0181937
0.0184762
0.0188874
0.0194466
0.0201706
0.0210722
0.022159
0.0234315
0.0248811
0.026487
0.0282159
0.0300217
0.0318488
0.0336386
0.0353369
0.036902
0.0383062
0.0395095
0.0405586
0.0414284
0.0420847
0.0425273
0.0427184
0.0426091
0.0421373
0.0412398
0.0398548
0.0379364
0.0354637
0.0324745
0.0290608
0.0253893
0.0216675
0.018103
0.0148592
0.01203
0.00964195
0.00767247
0.00607245
0.00478325
0.00374765
0.00291518
0.00224376
0.00169937
0.00125515
0.000890191
0.000588165
0.000336456
0.00012524
5.31515e-05
0.00020473
0.000332371
0.000443085
0.000540233
0.000621442
0.000691675
0.000752153
0.000804018
0.00084827
0.000885743
0.000917109
0.00094293
0.000963669
0.000979695
0.000991333
0.000998729
0.00100233
0.00100205
0.000998069
0.00099049
0.000979361
0.000964695
0.000946486
0.000924705
0.000899297
0.000870177
0.000837238
0.000800344
0.000759344
0.000714064
0.000664288
0.000609777
0.000550248
0.000485428
0.000414954
0.000338465
0.000255576
0.000165806
6.86714e-05
3.63965e-05
0.000149977
0.000272729
0.000405406
0.000548793
0.00070375
0.0008713
0.00105244
0.00124837
0.00146035
0.00168976
0.00193814
0.00220712
0.00249847
0.00281413
0.00315611
0.00352656
0.00392765
0.00436159
0.00483047
0.00533608
0.00587982
0.00646218
0.00708247
0.00773809
0.00842369
0.0091303
0.00984415
0.0105459
0.0112097
0.0118068
0.0122559
0.0125998
0.0127401
0.0126583
0.0123661
0.011876
0.0112273
0.0104754
0.00968066
0.00889854
0.00816937
0.00751564
0.00694502
0.00645513
0.00603761
0.00568176
0.0053767
0.00511259
0.00488134
0.00467652
0.0044933
0.00432828
0.00417893
0.00404354
0.00392096
0.00381044
0.00371347
0.00362337
0.00354655
0.00348039
0.00342474
0.0033797
0.00334536
0.00332185
0.00330938
0.00330821
0.00331871
0.00334138
0.00337686
0.00342572
0.00348887
0.00356722
0.00366178
0.00377363
0.00390387
0.00405351
0.00422335
0.00441377
0.00462474
0.00485583
0.00510559
0.00537092
0.00564653
0.00592478
0.0061961
0.00644993
0.00667995
0.00685532
0.00701275
0.00711295
0.00714664
0.00712102
0.00703599
0.00689643
0.00671364
0.0065007
0.00627045
0.00603499
0.00580491
0.00558833
0.0053907
0.00521493
0.00506186
0.0049308
0.00482013
0.00472778
0.00465349
0.00458962
0.00453928
0.00449883
0.00446634
0.00444041
0.0044198
0.00440347
0.00439061
0.00438061
0.00437301
0.00436751
0.00436394
0.00436224
0.00436242
0.00436461
0.00436884
0.00437537
0.00438422
0.00439557
0.00440952
0.00442613
0.00444541
0.00446737
0.00449197
0.00451915
0.00454882
0.00458089
0.00461527
0.00465188
0.00469063
0.00473148
0.00477439
0.00481935
0.00486638
0.00491548
0.0049667
0.00502009
0.00507572
0.00513362
0.00519386
0.00525654
0.00532168
0.00538937
0.00545963
0.00553258
0.00560821
0.00568661
0.00576785
0.00585199
0.00593911
0.00602927
0.00612256
0.00621904
0.00631883
0.00642202
0.00652868
0.00663889
0.00675273
0.00687033
0.00699172
0.007117
0.00724624
0.00737951
0.00751689
0.00765843
0.00780423
0.00795429
0.00810877
0.00826768
0.00843113
0.00859918
0.00877186
0.00894931
0.00913153
0.00931852
0.00951038
0.00970704
0.00990867
0.0101153
0.0103271
0.0105442
0.0107668
0.0109952
0.0112294
0.0114694
0.0117148
0.0119645
0.0122159
0.0124645
0.0127039
0.0129258
0.0131225
0.0132884
0.0134249
0.0135407
0.0136704
0.0138582
0.014127
0.014411
0.0145697
0.0144847
0.0141687
0.0138882
0.0145697
0.0013316
)
;
    }
    inlet
    {
        type            calculated;
        value           uniform 0;
    }
    rWedge
    {
        type            wedge;
    }
    lWedge
    {
        type            wedge;
    }
    outlet
    {
        type            calculated;
        value           uniform 0;
    }
}


// ************************************************************************* //
