/*--------------------------------*- C++ -*----------------------------------*\
| =========                 |                                                 |
| \\      /  F ield         | OpenFOAM: The Open Source CFD Toolbox           |
|  \\    /   O peration     | Version:  v1706                                 |
|   \\  /    A nd           | Web:      www.OpenFOAM.com                      |
|    \\/     M anipulation  |                                                 |
\*---------------------------------------------------------------------------*/
FoamFile
{
    version     2.0;
    format      ascii;
    class       volScalarField;
    location    "1.2e-05";
    object      pressureCoefficient;
}
// * * * * * * * * * * * * * * * * * * * * * * * * * * * * * * * * * * * * * //

dimensions      [0 0 0 0 0 0 0];


internalField   uniform 0;

boundaryField
{
    cone
    {
        type            calculated;
        value           nonuniform List<scalar> 
600
(
1.84392
1.84419
1.84363
1.84311
1.84232
1.8415
1.84045
1.83933
1.83801
1.83659
1.835
1.83329
1.83142
1.82943
1.82729
1.82501
1.8226
1.82005
1.81736
1.81454
1.81158
1.80848
1.80526
1.8019
1.7984
1.79477
1.79101
1.78713
1.7831
1.77895
1.77467
1.77027
1.76574
1.76107
1.75629
1.75138
1.74635
1.74119
1.73592
1.73052
1.72501
1.71938
1.71363
1.70777
1.7018
1.6957
1.68951
1.6832
1.67678
1.67025
1.66362
1.65688
1.65004
1.6431
1.63605
1.62891
1.62168
1.61434
1.60691
1.59939
1.59178
1.58407
1.57628
1.56841
1.56045
1.5524
1.54427
1.53607
1.52779
1.51943
1.511
1.50249
1.49391
1.48526
1.47655
1.46777
1.45892
1.45002
1.44106
1.43203
1.42295
1.41382
1.40463
1.39539
1.3861
1.37677
1.36739
1.35796
1.3485
1.339
1.32946
1.31988
1.31027
1.30062
1.29095
1.28125
1.27153
1.26178
1.252
1.24221
1.2324
1.22257
1.21272
1.20286
1.19299
1.18311
1.17322
1.16333
1.15343
1.14353
1.13363
1.12373
1.11383
1.10394
1.09405
1.08417
1.0743
1.06444
1.05459
1.04478
1.03497
1.02517
1.01539
1.00563
0.995895
0.986186
0.976507
0.966849
0.957227
0.947631
0.93807
0.92854
0.919046
0.909588
0.90017
0.890789
0.881453
0.872153
0.8629
0.853692
0.844526
0.835405
0.826336
0.817323
0.808356
0.79945
0.790591
0.781782
0.77303
0.764334
0.755695
0.747122
0.738605
0.73015
0.721757
0.713429
0.705169
0.696969
0.688842
0.680786
0.672801
0.664889
0.657048
0.649283
0.641601
0.633996
0.626472
0.619035
0.611686
0.604428
0.597257
0.590189
0.583218
0.576355
0.569604
0.562966
0.556445
0.550058
0.543804
0.537698
0.531745
0.525962
0.520357
0.514947
0.509747
0.504777
0.500054
0.495607
0.491459
0.487659
0.48428
0.481236
0.478646
0.476362
0.475077
0.474587
0.474237
0.473968
0.47376
0.473598
0.473469
0.473361
0.473264
0.473169
0.473072
0.472967
0.472849
0.472715
0.472562
0.472389
0.472193
0.471975
0.471732
0.471466
0.471176
0.470865
0.470533
0.470181
0.469812
0.469429
0.469032
0.468625
0.468209
0.467787
0.467358
0.466925
0.466486
0.466038
0.465579
0.465105
0.464608
0.464082
0.463519
0.462912
0.462254
0.461541
0.46077
0.459946
0.459079
0.458181
0.457275
0.456389
0.455557
0.454813
0.454202
0.453763
0.453534
0.45355
0.453841
0.454408
0.455201
0.456177
0.457306
0.45851
0.459687
0.460712
0.461449
0.461762
0.461581
0.460774
0.459197
0.456808
0.453595
0.449586
0.444864
0.439554
0.433825
0.427875
0.421916
0.416161
0.410811
0.406036
0.401972
0.398716
0.396323
0.394813
0.394138
0.394295
0.395274
0.397002
0.399394
0.402355
0.405763
0.409491
0.413414
0.417406
0.421363
0.425205
0.428887
0.432402
0.435787
0.43912
0.442519
0.446133
0.450115
0.454629
0.459842
0.465913
0.472991
0.481198
0.490629
0.50134
0.513345
0.526607
0.541019
0.55641
0.572521
0.589017
0.605467
0.621405
0.636335
0.6498
0.661414
0.670892
0.678017
0.68269
0.684834
0.68424
0.680699
0.673968
0.663671
0.649442
0.630879
0.607704
0.579789
0.547274
0.510696
0.471052
0.429811
0.388748
0.349641
0.31393
0.28249
0.255612
0.233127
0.214593
0.199454
0.18715
0.17717
0.169082
0.162527
0.157219
0.152928
0.149473
0.146712
0.144532
0.142845
0.141579
0.140678
0.140095
0.139789
0.139741
0.139928
0.140323
0.140912
0.141682
0.142623
0.143725
0.144983
0.146389
0.147942
0.149636
0.151471
0.153443
0.155553
0.157802
0.160189
0.162715
0.165383
0.168195
0.171153
0.174261
0.177524
0.180944
0.184528
0.18828
0.192208
0.196316
0.200613
0.205105
0.209801
0.214711
0.219842
0.225206
0.230814
0.236676
0.242805
0.249214
0.255916
0.262927
0.270261
0.277936
0.285966
0.294371
0.303169
0.312377
0.322014
0.332101
0.342655
0.353693
0.365233
0.377287
0.389866
0.402974
0.416609
0.430756
0.445391
0.460465
0.475911
0.491626
0.507467
0.523239
0.53869
0.553492
0.567234
0.579431
0.589519
0.596884
0.600994
0.601362
0.597641
0.589949
0.57872
0.564701
0.548886
0.532354
0.516135
0.501021
0.487485
0.475721
0.465708
0.457297
0.450277
0.444424
0.439533
0.435428
0.43197
0.429053
0.426598
0.424551
0.422872
0.421536
0.420524
0.419827
0.419428
0.419327
0.419526
0.420017
0.420801
0.421876
0.423245
0.424909
0.42687
0.429131
0.431695
0.434565
0.437745
0.441239
0.445049
0.449174
0.453612
0.458355
0.463389
0.46869
0.474224
0.479941
0.485776
0.491649
0.49745
0.503049
0.508286
0.512977
0.516928
0.519968
0.521959
0.52285
0.522548
0.520956
0.518162
0.514302
0.509544
0.504141
0.49838
0.492538
0.486859
0.481547
0.47675
0.472559
0.469012
0.466108
0.463811
0.462072
0.460833
0.460034
0.459614
0.459519
0.45971
0.46014
0.460775
0.461586
0.46255
0.46365
0.464871
0.466205
0.467645
0.469189
0.470836
0.472585
0.474442
0.476406
0.478483
0.480673
0.48298
0.485406
0.487951
0.490615
0.493397
0.496296
0.499309
0.502436
0.505671
0.509014
0.51246
0.516012
0.519666
0.523418
0.527277
0.531233
0.535292
0.539453
0.543722
0.548098
0.552576
0.557172
0.561876
0.566692
0.571626
0.576672
0.581836
0.587124
0.592523
0.598051
0.603696
0.609464
0.61536
0.621374
0.627521
0.633791
0.640194
0.646719
0.653378
0.66017
0.66709
0.674142
0.681328
0.688647
0.696094
0.703674
0.711387
0.719228
0.727197
0.735299
0.743524
0.751872
0.760342
0.768931
0.777631
0.78645
0.795371
0.804399
0.813525
0.822743
0.832053
0.841439
0.850898
0.860428
0.870009
0.879636
0.889299
0.898988
0.908692
0.918421
0.928187
0.938019
0.947974
0.958133
0.968574
0.979338
0.990413
1.00163
1.01263
1.02279
1.03155
1.03891
1.04553
1.05271
1.06044
1.06682
1.07204
1.84568
)
;
    }
    inlet
    {
        type            calculated;
        value           uniform 0;
    }
    rWedge
    {
        type            wedge;
    }
    lWedge
    {
        type            wedge;
    }
    outlet
    {
        type            calculated;
        value           uniform 0;
    }
}


// ************************************************************************* //
