/*--------------------------------*- C++ -*----------------------------------*\
| =========                 |                                                 |
| \\      /  F ield         | OpenFOAM: The Open Source CFD Toolbox           |
|  \\    /   O peration     | Version:  v1706                                 |
|   \\  /    A nd           | Web:      www.OpenFOAM.com                      |
|    \\/     M anipulation  |                                                 |
\*---------------------------------------------------------------------------*/
FoamFile
{
    version     2.0;
    format      ascii;
    class       volScalarField;
    location    "1.2e-05";
    object      StantonNo;
}
// * * * * * * * * * * * * * * * * * * * * * * * * * * * * * * * * * * * * * //

dimensions      [0 0 0 0 0 0 0];


internalField   uniform 0;

boundaryField
{
    cone
    {
        type            calculated;
        value           nonuniform List<scalar> 
600
(
0.198002
0.197944
0.197881
0.197811
0.197732
0.197639
0.197535
0.197419
0.197287
0.197145
0.196987
0.196819
0.196637
0.196443
0.196236
0.196015
0.195784
0.195539
0.19528
0.19501
0.194727
0.194432
0.194123
0.193803
0.193468
0.193122
0.192761
0.192388
0.192003
0.191605
0.191194
0.19077
0.190335
0.189887
0.189426
0.188952
0.188467
0.187971
0.187462
0.186942
0.186408
0.185862
0.185307
0.184738
0.184158
0.183566
0.182964
0.18235
0.181725
0.181088
0.180441
0.179784
0.179115
0.178436
0.177746
0.177047
0.176337
0.175617
0.174886
0.174147
0.173397
0.172637
0.171869
0.17109
0.170303
0.169506
0.168701
0.167886
0.167063
0.166232
0.165392
0.164543
0.163687
0.162823
0.16195
0.16107
0.160183
0.159288
0.158386
0.157476
0.15656
0.155636
0.154707
0.15377
0.152827
0.151878
0.150923
0.149962
0.148995
0.148023
0.147044
0.146061
0.145073
0.144079
0.143081
0.142077
0.14107
0.140058
0.139042
0.138021
0.136997
0.135969
0.134938
0.133903
0.132865
0.131824
0.13078
0.129734
0.128684
0.127633
0.126579
0.125523
0.124465
0.123405
0.122345
0.121282
0.120219
0.119154
0.118088
0.117022
0.115955
0.114887
0.11382
0.112752
0.111685
0.110618
0.109552
0.108486
0.10742
0.106356
0.105292
0.104229
0.103168
0.102107
0.101049
0.0999916
0.0989363
0.0978829
0.0968315
0.0957821
0.0947355
0.0936919
0.0926527
0.0916176
0.0905849
0.089554
0.0885217
0.0874914
0.0864654
0.0854434
0.0844257
0.0834117
0.0824019
0.0813959
0.0803941
0.0793964
0.0784028
0.0774136
0.0764286
0.0754482
0.0744723
0.0735011
0.0725344
0.0715727
0.0706157
0.0696635
0.0687163
0.067774
0.0668368
0.0659046
0.0649775
0.0640555
0.0631387
0.062227
0.0613206
0.0604192
0.0595229
0.0586317
0.0577456
0.0568649
0.055989
0.0551181
0.054252
0.0533908
0.0525345
0.0516825
0.0508347
0.0499914
0.0491492
0.0483076
0.0474662
0.0466228
0.0457742
0.0448872
0.0439815
0.0431184
0.0422934
0.0415014
0.0407343
0.0399869
0.0392558
0.0385391
0.0378354
0.0371438
0.0364634
0.0357939
0.0351354
0.0344878
0.0338509
0.0332251
0.0326106
0.0320077
0.0314165
0.0308376
0.0302711
0.0297175
0.0291771
0.0286502
0.0281373
0.0276386
0.0271542
0.0266846
0.0262297
0.0257896
0.0253643
0.0249541
0.0245581
0.0241763
0.0238079
0.0234526
0.0231092
0.0227767
0.022454
0.0221398
0.0218332
0.0215327
0.0212376
0.0209467
0.0206603
0.0203782
0.0201008
0.0198298
0.0195665
0.0193135
0.019073
0.0188478
0.0186408
0.018455
0.0182936
0.018159
0.0180486
0.017959
0.0178898
0.017838
0.0177974
0.0177603
0.0177179
0.0176593
0.0175769
0.0174629
0.0173083
0.0171049
0.0168484
0.016538
0.0161761
0.0157687
0.015325
0.0148566
0.0143772
0.0139009
0.013442
0.013013
0.0126247
0.0122855
0.0120009
0.0117743
0.0116054
0.0114932
0.0114374
0.0114371
0.0114903
0.0115931
0.0117389
0.0119201
0.0121291
0.0123576
0.0125974
0.0128409
0.0130822
0.0133175
0.0135455
0.0137675
0.0139886
0.0142164
0.0144597
0.0147289
0.0150357
0.0153925
0.0158118
0.0163056
0.0168858
0.0175627
0.018345
0.0192388
0.0202467
0.0213668
0.0225908
0.0239032
0.025281
0.0266938
0.0281059
0.0294807
0.030785
0.0319923
0.0330824
0.0340431
0.0348688
0.0355501
0.0360703
0.0364069
0.0365263
0.0363878
0.0359433
0.0351443
0.0339473
0.0323228
0.0302668
0.0278161
0.0250583
0.0221289
0.0191905
0.016399
0.0138711
0.0116703
0.0098103
0.00827047
0.00701171
0.00598928
0.0051601
0.00448646
0.00393693
0.00348621
0.00311429
0.00280544
0.00254745
0.00233076
0.00214792
0.00199307
0.0018616
0.00174991
0.00165497
0.00157459
0.00150693
0.00145041
0.0014038
0.00136608
0.00133645
0.00131424
0.00129888
0.00128995
0.00128706
0.00128993
0.00129833
0.00131209
0.00133111
0.00135531
0.00138462
0.00141906
0.00145865
0.00150346
0.00155358
0.00160914
0.0016703
0.00173725
0.0018102
0.00188943
0.0019752
0.00206785
0.00216773
0.00227524
0.00239084
0.00251499
0.00264826
0.0027912
0.0029445
0.00310884
0.003285
0.00347384
0.00367627
0.00389331
0.00412607
0.00437575
0.00464366
0.00493124
0.00524006
0.00557181
0.00592835
0.00631168
0.00672395
0.00716745
0.00764468
0.00815822
0.00871076
0.00930511
0.00994402
0.0106301
0.0113657
0.0121527
0.0129919
0.013883
0.0148234
0.0158079
0.016827
0.0178662
0.0189041
0.0199116
0.0208508
0.0216745
0.0223297
0.0227641
0.0229312
0.0228061
0.022389
0.0217121
0.0208338
0.0198302
0.018783
0.0177643
0.0168241
0.0159897
0.0152692
0.0146577
0.0141431
0.0137106
0.0133453
0.0130339
0.0127655
0.0125315
0.0123255
0.0121429
0.0119805
0.0118359
0.0117078
0.0115951
0.011497
0.0114129
0.0113428
0.0112865
0.0112437
0.0112146
0.0111993
0.0111978
0.0112104
0.0112374
0.0112792
0.0113361
0.0114088
0.0114977
0.0116037
0.0117272
0.0118691
0.0120298
0.0122097
0.0124088
0.0126266
0.0128621
0.0131134
0.0133778
0.0136511
0.0139276
0.0141994
0.0144564
0.0146869
0.0148788
0.0150211
0.015107
0.0151304
0.015082
0.0149605
0.0147707
0.0145189
0.0142172
0.0138816
0.013529
0.0131748
0.0128326
0.0125127
0.0122225
0.0119655
0.0117428
0.0115532
0.0113942
0.0112628
0.0111558
0.0110698
0.0110018
0.0109491
0.0109095
0.0108809
0.0108617
0.0108503
0.0108459
0.0108474
0.0108543
0.0108661
0.0108826
0.0109037
0.0109293
0.0109597
0.0109947
0.0110348
0.01108
0.0111305
0.0111865
0.011248
0.0113152
0.0113881
0.0114666
0.0115507
0.0116403
0.0117353
0.0118356
0.0119411
0.0120518
0.0121676
0.0122884
0.0124143
0.0125452
0.0126813
0.0128227
0.0129694
0.0131217
0.0132796
0.0134434
0.0136131
0.0137889
0.013971
0.0141596
0.0143547
0.0145567
0.0147655
0.0149814
0.0152045
0.015435
0.0156731
0.0159189
0.0161726
0.0164344
0.0167046
0.0169832
0.0172705
0.0175667
0.0178721
0.0181868
0.0185111
0.0188452
0.0191894
0.0195438
0.0199087
0.0202843
0.0206707
0.0210684
0.0214773
0.0218978
0.0223299
0.0227741
0.0232302
0.0236986
0.0241796
0.024673
0.025179
0.0256979
0.0262297
0.0267745
0.0273324
0.0279031
0.0284872
0.0290841
0.0296942
0.0303173
0.0309538
0.031604
0.0322694
0.0329517
0.0336532
0.0343771
0.0351256
0.0358981
0.0366907
0.0374916
0.0382801
0.0390275
0.039715
0.0403515
0.0409667
0.0416237
0.0423706
0.0434429
0.045106
0.198213
)
;
    }
    inlet
    {
        type            calculated;
        value           uniform 0;
    }
    rWedge
    {
        type            wedge;
    }
    lWedge
    {
        type            wedge;
    }
    outlet
    {
        type            calculated;
        value           uniform 0;
    }
}


// ************************************************************************* //
