/*--------------------------------*- C++ -*----------------------------------*\
| =========                 |                                                 |
| \\      /  F ield         | OpenFOAM: The Open Source CFD Toolbox           |
|  \\    /   O peration     | Version:  v1706                                 |
|   \\  /    A nd           | Web:      www.OpenFOAM.com                      |
|    \\/     M anipulation  |                                                 |
\*---------------------------------------------------------------------------*/
FoamFile
{
    version     2.0;
    format      ascii;
    class       volVectorField;
    location    "1.2e-05";
    object      wallShearStress;
}
// * * * * * * * * * * * * * * * * * * * * * * * * * * * * * * * * * * * * * //

dimensions      [1 -1 -2 0 0 0 0];


internalField   uniform (0 0 0);

boundaryField
{
    cone
    {
        type            calculated;
        value           nonuniform List<vector> 
600
(
(4.18703 -5.01208 -2.03809e-12)
(4.28938 -7.63018 -2.69072e-12)
(4.20998 -10.6186 -4.39838e-12)
(4.09192 -13.527 -5.40679e-12)
(3.91657 -16.5317 -6.47425e-12)
(3.71112 -19.4725 -7.33309e-12)
(3.46073 -22.4601 -8.11081e-12)
(3.18027 -25.4057 -8.78852e-12)
(2.85895 -28.3708 -9.44737e-12)
(2.50619 -31.3088 -9.6947e-12)
(2.1153 -34.2502 -1.02296e-11)
(1.69182 -37.1726 -1.04742e-11)
(1.23211 -40.0896 -1.07196e-11)
(0.739199 -42.991 -1.07353e-11)
(0.211412 -45.8821 -1.07411e-11)
(-0.349708 -48.7584 -1.06589e-11)
(-0.944755 -51.6215 -1.05871e-11)
(-1.57289 -54.4692 -1.0549e-11)
(-2.23418 -57.3017 -1.03815e-11)
(-2.92808 -60.1177 -1.02028e-11)
(-3.65483 -62.9163 -1.00325e-11)
(-4.41995 -65.6941 -9.81791e-12)
(-5.21109 -68.4544 -9.5357e-12)
(-6.03357 -71.1965 -9.33898e-12)
(-6.88694 -73.918 -9.02529e-12)
(-7.77102 -76.6185 -8.77087e-12)
(-8.68533 -79.2971 -8.46943e-12)
(-9.62947 -81.953 -8.21772e-12)
(-10.603 -84.5854 -7.9381e-12)
(-11.6055 -87.1935 -7.6473e-12)
(-12.6365 -89.7766 -7.39383e-12)
(-13.6955 -92.3338 -7.11019e-12)
(-14.782 -94.8646 -6.81531e-12)
(-15.8956 -97.3681 -6.5845e-12)
(-17.0357 -99.8437 -6.30614e-12)
(-18.2019 -102.291 -6.09522e-12)
(-19.3934 -104.708 -5.8701e-12)
(-20.6101 -107.095 -5.61285e-12)
(-21.8512 -109.45 -5.35855e-12)
(-23.116 -111.775 -5.11183e-12)
(-24.404 -114.068 -4.89106e-12)
(-25.7146 -116.329 -4.76774e-12)
(-27.0472 -118.557 -4.58085e-12)
(-28.4013 -120.751 -4.35887e-12)
(-29.7761 -122.911 -4.15442e-12)
(-31.1711 -125.035 -4.00424e-12)
(-32.5857 -127.125 -3.85798e-12)
(-34.0192 -129.178 -3.70473e-12)
(-35.4709 -131.196 -3.53795e-12)
(-36.9403 -133.176 -3.3638e-12)
(-38.4264 -135.119 -3.24536e-12)
(-39.9289 -137.024 -3.11264e-12)
(-41.447 -138.89 -2.98963e-12)
(-42.9798 -140.718 -2.86339e-12)
(-44.5269 -142.507 -2.75047e-12)
(-46.0874 -144.256 -2.63934e-12)
(-47.6603 -145.965 -2.54823e-12)
(-49.2454 -147.633 -2.42186e-12)
(-50.842 -149.261 -2.35147e-12)
(-52.4493 -150.848 -2.24261e-12)
(-54.0666 -152.394 -2.14224e-12)
(-55.6929 -153.898 -2.07026e-12)
(-57.3276 -155.361 -2.02646e-12)
(-58.9701 -156.781 -1.95816e-12)
(-60.6197 -158.159 -1.85946e-12)
(-62.2753 -159.495 -1.77058e-12)
(-63.9364 -160.787 -1.70926e-12)
(-65.6023 -162.037 -1.61989e-12)
(-67.2722 -163.243 -1.5675e-12)
(-68.9455 -164.406 -1.47807e-12)
(-70.621 -165.526 -1.46521e-12)
(-72.2984 -166.602 -1.42954e-12)
(-73.9768 -167.634 -1.39659e-12)
(-75.6555 -168.622 -1.29065e-12)
(-77.3337 -169.567 -1.26814e-12)
(-79.0109 -170.467 -1.19884e-12)
(-80.6859 -171.324 -1.15083e-12)
(-82.3582 -172.136 -1.10614e-12)
(-84.0272 -172.905 -1.06765e-12)
(-85.692 -173.63 -1.02181e-12)
(-87.3521 -174.31 -9.81736e-13)
(-89.0066 -174.947 -9.56131e-13)
(-90.6546 -175.54 -9.13529e-13)
(-92.2957 -176.089 -8.8883e-13)
(-93.9291 -176.595 -8.30173e-13)
(-95.5542 -177.057 -8.04641e-13)
(-97.1695 -177.475 -7.78676e-13)
(-98.7756 -177.85 -7.58063e-13)
(-100.371 -178.182 -7.22739e-13)
(-101.956 -178.472 -7.14925e-13)
(-103.528 -178.718 -6.80998e-13)
(-105.088 -178.923 -6.51307e-13)
(-106.636 -179.085 -6.17399e-13)
(-108.168 -179.205 -5.91835e-13)
(-109.686 -179.282 -5.6333e-13)
(-111.19 -179.32 -5.60053e-13)
(-112.678 -179.316 -5.28819e-13)
(-114.149 -179.271 -5.23562e-13)
(-115.603 -179.185 -5.01954e-13)
(-117.04 -179.059 -4.74217e-13)
(-118.459 -178.893 -4.61954e-13)
(-119.859 -178.688 -4.35791e-13)
(-121.238 -178.443 -4.53453e-13)
(-122.598 -178.16 -4.08281e-13)
(-123.939 -177.839 -3.84717e-13)
(-125.258 -177.479 -3.88596e-13)
(-126.556 -177.082 -3.76695e-13)
(-127.832 -176.648 -3.48346e-13)
(-129.087 -176.177 -3.64674e-13)
(-130.318 -175.67 -3.47415e-13)
(-131.525 -175.128 -3.21784e-13)
(-132.708 -174.55 -3.12562e-13)
(-133.869 -173.938 -3.22458e-13)
(-135.004 -173.293 -3.01522e-13)
(-136.114 -172.613 -3.01016e-13)
(-137.198 -171.9 -2.74859e-13)
(-138.253 -171.159 -2.77715e-13)
(-139.286 -170.383 -2.45572e-13)
(-140.291 -169.575 -2.27513e-13)
(-141.26 -168.748 -2.3303e-13)
(-142.21 -167.882 -2.21461e-13)
(-143.135 -166.982 -2.1407e-13)
(-144.032 -166.053 -2.16338e-13)
(-144.901 -165.095 -1.99869e-13)
(-145.741 -164.109 -1.80642e-13)
(-146.552 -163.096 -1.89788e-13)
(-147.335 -162.056 -1.76602e-13)
(-148.088 -160.99 -1.64902e-13)
(-148.811 -159.899 -1.52102e-13)
(-149.504 -158.783 -1.39261e-13)
(-150.168 -157.643 -1.46257e-13)
(-150.801 -156.479 -1.26358e-13)
(-151.405 -155.292 -1.27658e-13)
(-151.977 -154.083 -1.1152e-13)
(-152.52 -152.853 -1.11645e-13)
(-153.031 -151.601 -1.00969e-13)
(-153.512 -150.33 -1.06306e-13)
(-153.961 -149.038 -9.61116e-14)
(-154.38 -147.728 -9.08847e-14)
(-154.767 -146.399 -8.76784e-14)
(-155.124 -145.052 -8.90813e-14)
(-155.45 -143.689 -8.48182e-14)
(-155.746 -142.311 -8.30727e-14)
(-156.013 -140.918 -8.09052e-14)
(-156.247 -139.512 -6.8185e-14)
(-156.449 -138.089 -6.86785e-14)
(-156.614 -136.649 -6.13013e-14)
(-156.746 -135.192 -4.84767e-14)
(-156.847 -133.723 -4.71627e-14)
(-156.918 -132.244 -5.58741e-14)
(-156.958 -130.753 -4.4697e-14)
(-156.967 -129.252 -3.8226e-14)
(-156.944 -127.741 -4.85511e-14)
(-156.889 -126.22 -3.7252e-14)
(-156.803 -124.69 -3.52385e-14)
(-156.685 -123.151 -3.35213e-14)
(-156.535 -121.605 -3.51157e-14)
(-156.353 -120.051 -3.26881e-14)
(-156.139 -118.49 -3.85881e-14)
(-155.892 -116.922 -3.20565e-14)
(-155.613 -115.348 -2.49646e-14)
(-155.3 -113.768 -2.285e-14)
(-154.955 -112.183 -2.94845e-14)
(-154.575 -110.592 -1.99532e-14)
(-154.161 -108.997 -2.01161e-14)
(-153.713 -107.397 -2.28608e-14)
(-153.229 -105.792 -1.75008e-14)
(-152.709 -104.184 -1.82761e-14)
(-152.152 -102.571 -7.38411e-15)
(-151.557 -100.955 -6.10925e-15)
(-150.923 -99.3347 -6.54068e-15)
(-150.249 -97.7105 -1.06421e-15)
(-149.532 -96.082 -1.18556e-14)
(-148.77 -94.449 -1.11187e-14)
(-147.963 -92.8113 -3.77391e-15)
(-147.106 -91.1685 -3.70789e-15)
(-146.198 -89.52 -1.20998e-14)
(-145.235 -87.8648 -3.94445e-15)
(-144.213 -86.2018 -9.24834e-15)
(-143.128 -84.53 2.09735e-15)
(-141.973 -82.8486 -3.00055e-16)
(-140.744 -81.1562 -2.83663e-15)
(-139.434 -79.4507 -1.36759e-15)
(-138.036 -77.7297 -5.53504e-15)
(-136.541 -75.9908 -6.83831e-15)
(-134.941 -74.2309 -2.4853e-15)
(-133.225 -72.445 -4.09932e-16)
(-131.379 -70.6307 -5.68102e-15)
(-129.376 -68.7892 1.71317e-15)
(-127.225 -66.8877 -5.84079e-16)
(-124.922 -65.0065 -2.02388e-15)
(-122.38 -63.1246 -1.28047e-15)
(-119.579 -61.1234 -4.0115e-15)
(-116.461 -58.918 -4.06663e-16)
(-112.909 -56.7829 -1.34807e-15)
(-109.463 -54.8814 1.10273e-15)
(-106.416 -53.308 -6.34646e-15)
(-103.622 -51.8834 -7.35451e-15)
(-101.017 -50.5616 -6.0225e-15)
(-98.5628 -49.323 -6.9754e-15)
(-96.2391 -48.1536 -6.09326e-15)
(-94.0295 -47.0432 -6.65516e-15)
(-91.9222 -45.9844 -1.14262e-14)
(-89.9079 -44.9717 -1.09821e-14)
(-87.979 -44.0008 -1.03699e-14)
(-86.1291 -43.0681 -1.60677e-14)
(-84.3531 -42.171 -1.16991e-14)
(-82.6463 -41.3071 -1.16676e-14)
(-81.0046 -40.4742 -1.53133e-14)
(-79.4246 -39.6709 -1.68603e-14)
(-77.9029 -38.8954 -1.93745e-14)
(-76.4367 -38.1467 -1.4219e-14)
(-75.0232 -37.4235 -1.34451e-14)
(-73.6599 -36.7248 -1.31197e-14)
(-72.3447 -36.0497 -2.02478e-14)
(-71.0753 -35.3975 -2.08154e-14)
(-69.85 -34.7675 -1.51369e-14)
(-68.6669 -34.1588 -1.55662e-14)
(-67.5246 -33.5708 -1.41722e-14)
(-66.4216 -33.0029 -1.46385e-14)
(-65.3567 -32.4544 -1.93645e-14)
(-64.3289 -31.9244 -2.1793e-14)
(-63.3372 -31.412 -2.08919e-14)
(-62.3809 -30.9162 -1.97135e-14)
(-61.4593 -30.4359 -2.38655e-14)
(-60.5714 -29.9696 -2.57027e-14)
(-59.7165 -29.5159 -2.34945e-14)
(-58.8934 -29.073 -2.34131e-14)
(-58.1007 -28.6391 -2.33397e-14)
(-57.3364 -28.2124 -2.23773e-14)
(-56.5979 -27.7912 -2.91301e-14)
(-55.882 -27.3741 -2.65019e-14)
(-55.185 -26.96 -2.56844e-14)
(-54.5021 -26.5486 -2.79591e-14)
(-53.8283 -26.1403 -3.03166e-14)
(-53.1585 -25.7361 -2.95761e-14)
(-52.488 -25.3374 -3.30169e-14)
(-51.8098 -24.9497 -2.9005e-14)
(-51.1211 -24.5792 -2.57623e-14)
(-50.4212 -24.2284 -3.04992e-14)
(-49.7086 -23.903 -2.92108e-14)
(-48.9856 -23.6116 -3.14139e-14)
(-48.2584 -23.358 -3.70786e-14)
(-47.5365 -23.1456 -3.26444e-14)
(-46.8272 -22.9795 -3.27253e-14)
(-46.1459 -22.8634 -2.41974e-14)
(-45.5069 -22.796 -3.3887e-14)
(-44.9271 -22.7758 -2.62907e-14)
(-44.4326 -22.7915 -3.21927e-14)
(-44.0552 -22.8128 -3.76528e-14)
(-43.7938 -22.8274 -3.13911e-14)
(-43.6283 -22.8447 -3.68613e-14)
(-43.5766 -22.8417 -4.0364e-14)
(-43.6565 -22.7798 -4.23815e-14)
(-43.8496 -22.6497 -3.40476e-14)
(-44.1349 -22.4278 -3.48737e-14)
(-44.4847 -22.0953 -3.22327e-14)
(-44.8505 -21.6821 -4.22174e-14)
(-45.1382 -21.1384 -3.04197e-14)
(-45.4671 -20.4941 -3.29299e-14)
(-45.6755 -19.7236 -3.35408e-14)
(-45.7228 -18.8632 -3.29454e-14)
(-45.5801 -17.9422 -3.61892e-14)
(-45.2172 -16.9945 -3.55381e-14)
(-44.6151 -16.0596 -3.30101e-14)
(-43.7687 -15.1811 -3.60592e-14)
(-42.6881 -14.4022 -3.65818e-14)
(-41.3983 -13.7618 -3.06746e-14)
(-39.9372 -13.2907 -3.59032e-14)
(-38.3538 -13.0079 -3.90514e-14)
(-36.7037 -12.9193 -3.34681e-14)
(-35.0449 -13.0176 -3.23736e-14)
(-33.433 -13.2841 -3.80105e-14)
(-31.9172 -13.6921 -3.35419e-14)
(-30.5388 -14.2112 -3.50104e-14)
(-29.3233 -14.8219 -3.74084e-14)
(-28.3085 -15.4862 -3.66529e-14)
(-27.4344 -16.1675 -3.60365e-14)
(-26.7628 -16.9094 -3.1427e-14)
(-26.2786 -17.6634 -3.45894e-14)
(-25.9925 -18.3784 -3.13253e-14)
(-25.8916 -19.0419 -2.7622e-14)
(-25.96 -19.6441 -3.52104e-14)
(-26.1669 -20.1678 -3.23004e-14)
(-26.4803 -20.6037 -3.36927e-14)
(-26.8617 -20.9503 -3.90116e-14)
(-27.2685 -21.2134 -4.52982e-14)
(-27.6586 -21.4066 -4.56268e-14)
(-27.9943 -21.5494 -4.20368e-14)
(-28.2458 -21.6661 -3.76577e-14)
(-28.3911 -21.7849 -3.99608e-14)
(-28.4197 -21.9356 -4.67192e-14)
(-28.3417 -22.1386 -4.28862e-14)
(-28.1808 -22.4137 -4.06731e-14)
(-27.9682 -22.7782 -4.56195e-14)
(-27.7405 -23.244 -4.94167e-14)
(-27.5427 -23.8154 -4.74687e-14)
(-27.4244 -24.4944 -5.09239e-14)
(-27.4389 -25.2758 -4.24158e-14)
(-27.6409 -26.1491 -4.66142e-14)
(-28.0844 -27.0991 -4.66222e-14)
(-28.8203 -28.1069 -4.52286e-14)
(-29.8954 -29.1487 -5.12671e-14)
(-31.3505 -30.1963 -4.99146e-14)
(-33.2178 -31.2165 -5.09575e-14)
(-35.5156 -32.1721 -5.43505e-14)
(-38.2437 -33.0229 -5.89326e-14)
(-41.3762 -33.7292 -6.23776e-14)
(-44.8577 -34.2556 -5.99248e-14)
(-48.6007 -34.5764 -6.50189e-14)
(-52.4911 -34.6798 -6.50829e-14)
(-56.4008 -34.5687 -7.05448e-14)
(-60.2084 -34.254 -7.05518e-14)
(-63.8222 -33.7384 -7.01101e-14)
(-67.1962 -32.9939 -6.94349e-14)
(-70.2537 -31.9986 -7.29184e-14)
(-73.072 -30.8039 -7.24287e-14)
(-75.6581 -29.2777 -7.54046e-14)
(-78.0021 -27.2837 -6.34212e-14)
(-80.1323 -24.7598 -6.12286e-14)
(-82.0186 -21.5962 -6.24331e-14)
(-83.5951 -17.7078 -6.34404e-14)
(-84.7832 -12.9758 -6.08319e-14)
(-85.4767 -7.33653 -6.11617e-14)
(-85.5452 -0.78336 -5.63871e-14)
(-84.8392 6.57542 -5.54271e-14)
(-83.1816 14.456 -5.2975e-14)
(-80.4122 22.3399 -5.19687e-14)
(-76.4049 29.5309 -4.97691e-14)
(-71.1681 35.2762 -4.2623e-14)
(-64.8862 39.0115 -3.4229e-14)
(-57.9165 40.5429 -3.26073e-14)
(-50.7044 40.0713 -3.13243e-14)
(-43.6698 38.0628 -2.18141e-14)
(-37.1257 35.0663 -2.16075e-14)
(-31.2528 31.5739 -1.6526e-14)
(-26.1172 27.9547 -1.88424e-14)
(-21.7042 24.4484 -1.86719e-14)
(-17.9527 21.1885 -1.93907e-14)
(-14.7811 18.2334 -1.50912e-14)
(-12.1041 15.5947 -1.41122e-14)
(-9.84143 13.2575 -1.32696e-14)
(-7.92244 11.1944 -1.63564e-14)
(-6.28701 9.3732 -1.67913e-14)
(-4.88515 7.76208 -1.37606e-14)
(-3.67591 6.33155 -1.40258e-14)
(-2.62591 5.05542 -1.14449e-14)
(-1.70799 3.91088 -1.32799e-14)
(-0.899689 2.87754 -1.12006e-14)
(-0.186861 1.93834 -9.82671e-15)
(0.44913 1.08573 -1.05125e-14)
(1.02156 0.306756 -1.27979e-14)
(1.53363 -0.41642 -1.37113e-14)
(1.99707 -1.08602 -1.51676e-14)
(2.41769 -1.70885 -1.45277e-14)
(2.80078 -2.29099 -1.13455e-14)
(3.15086 -2.83751 -1.12407e-14)
(3.47174 -3.35273 -1.12378e-14)
(3.76665 -3.84047 -1.22461e-14)
(4.03835 -4.30405 -1.33459e-14)
(4.28919 -4.74638 -1.31245e-14)
(4.52118 -5.17006 -1.30441e-14)
(4.73605 -5.5773 -1.25878e-14)
(4.93512 -5.97026 -1.39813e-14)
(5.12013 -6.35059 -1.22524e-14)
(5.29171 -6.72009 -1.28067e-14)
(5.45099 -7.08027 -1.56655e-14)
(5.5988 -7.4325 -1.18813e-14)
(5.73585 -7.77806 -1.31854e-14)
(5.86272 -8.11814 -1.54527e-14)
(5.97991 -8.45383 -1.42889e-14)
(6.08783 -8.78615 -1.49113e-14)
(6.18681 -9.11607 -1.41422e-14)
(6.27708 -9.44447 -1.41348e-14)
(6.35881 -9.7722 -1.28609e-14)
(6.43209 -10.1001 -1.34079e-14)
(6.49694 -10.4289 -1.31587e-14)
(6.55331 -10.7593 -1.12219e-14)
(6.60106 -11.092 -1.71867e-14)
(6.64 -11.4277 -1.82656e-14)
(6.66985 -11.7671 -1.53184e-14)
(6.69025 -12.1107 -1.7501e-14)
(6.70075 -12.4592 -1.79602e-14)
(6.70084 -12.8132 -1.72977e-14)
(6.68989 -13.1731 -1.6572e-14)
(6.66718 -13.5396 -1.54506e-14)
(6.63186 -13.9131 -1.79087e-14)
(6.58298 -14.2942 -1.87315e-14)
(6.51943 -14.6832 -1.70155e-14)
(6.43998 -15.0805 -2.12306e-14)
(6.34319 -15.4865 -2.1004e-14)
(6.22746 -15.9014 -2.41259e-14)
(6.09094 -16.3252 -2.28866e-14)
(5.93156 -16.7582 -2.51028e-14)
(5.74695 -17.1999 -2.52837e-14)
(5.53444 -17.6502 -2.42289e-14)
(5.29095 -18.1082 -2.72163e-14)
(5.01304 -18.573 -2.37412e-14)
(4.69672 -19.0431 -2.17037e-14)
(4.33749 -19.5164 -2.63805e-14)
(3.93021 -19.9901 -2.82632e-14)
(3.46899 -20.4605 -2.59891e-14)
(2.94714 -20.9225 -2.95514e-14)
(2.35701 -21.3697 -2.41588e-14)
(1.68992 -21.7935 -3.10243e-14)
(0.935997 -22.1829 -2.32027e-14)
(0.084116 -22.5237 -2.74672e-14)
(-0.878173 -22.7975 -2.70202e-14)
(-1.96464 -22.9812 -3.03211e-14)
(-3.19013 -23.0452 -2.92879e-14)
(-4.57014 -22.9531 -3.20451e-14)
(-6.11978 -22.6604 -2.83041e-14)
(-7.85214 -22.1143 -2.29994e-14)
(-9.77556 -21.2554 -2.35187e-14)
(-11.8902 -20.0197 -2.27981e-14)
(-14.1841 -18.3432 -3.4175e-14)
(-16.628 -16.1697 -2.04417e-14)
(-19.1785 -13.4585 -4.00643e-14)
(-21.6544 -10.2232 -3.74761e-14)
(-24.063 -6.64509 -3.74321e-14)
(-26.1475 -2.82146 -4.00458e-14)
(-27.7371 0.968211 -3.28288e-14)
(-28.7124 4.41264 -3.58721e-14)
(-28.9766 7.24651 -2.97351e-14)
(-28.5098 9.24536 -3.99548e-14)
(-27.3753 10.2885 -2.14478e-14)
(-25.7302 10.4346 -3.49851e-14)
(-23.7895 9.8879 -2.23969e-14)
(-21.7602 8.90617 -3.76771e-14)
(-19.8016 7.72718 -3.51784e-14)
(-18.0145 6.53175 -2.52112e-14)
(-16.4471 5.4344 -1.80191e-14)
(-15.1077 4.49154 -2.60374e-14)
(-13.9798 3.71724 -2.42019e-14)
(-13.0343 3.09942 -2.39783e-14)
(-12.2383 2.61297 -2.8366e-14)
(-11.5608 2.22882 -2.8382e-14)
(-10.9751 1.91939 -3.052e-14)
(-10.4599 1.66136 -1.93763e-14)
(-9.99941 1.43654 -1.31422e-14)
(-9.582 1.23168 -2.51049e-14)
(-9.1997 1.03756 -2.76635e-14)
(-8.84693 0.847566 -2.73606e-14)
(-8.51842 0.65385 -1.98352e-14)
(-8.2192 0.460318 -1.90006e-14)
(-7.93587 0.269086 -1.85219e-14)
(-7.67587 0.0665426 -2.04232e-14)
(-7.43628 -0.141588 -3.00554e-14)
(-7.21661 -0.355535 -2.51983e-14)
(-7.0169 -0.575764 -2.21493e-14)
(-6.83728 -0.802358 -1.76465e-14)
(-6.67805 -1.03529 -1.4439e-14)
(-6.53963 -1.2746 -2.3379e-14)
(-6.42279 -1.51993 -2.06173e-14)
(-6.32858 -1.77063 -1.79761e-14)
(-6.25819 -2.02653 -2.20032e-14)
(-6.21339 -2.28679 -2.86365e-14)
(-6.19606 -2.54996 -3.06349e-14)
(-6.20901 -2.81427 -2.59536e-14)
(-6.25541 -3.07714 -2.60548e-14)
(-6.33902 -3.33511 -2.11207e-14)
(-6.46428 -3.58369 -3.05659e-14)
(-6.63616 -3.81728 -3.26639e-14)
(-6.86004 -4.02904 -1.29047e-14)
(-7.14138 -4.21093 -7.18983e-15)
(-7.48522 -4.35387 -2.52636e-14)
(-7.89601 -4.44825 -1.78162e-14)
(-8.37735 -4.48426 -2.62906e-14)
(-8.93081 -4.45192 -1.93225e-14)
(-9.55478 -4.34025 -4.35996e-14)
(-10.2432 -4.13786 -4.48432e-13)
(-10.9829 -3.83765 -3.7961e-12)
(-11.7509 -3.44463 -1.82734e-11)
(-12.5162 -2.97655 -6.07274e-11)
(-13.2476 -2.47105 -1.51736e-10)
(-13.8822 -1.92046 -2.97376e-10)
(-14.4758 -1.37492 -4.66239e-10)
(-14.9372 -0.84828 -6.05816e-10)
(-15.2274 -0.381397 -6.6328e-10)
(-15.3473 -0.00560586 -6.24638e-10)
(-15.2798 0.242851 -5.14026e-10)
(-15.0216 0.334338 -3.74613e-10)
(-14.597 0.268696 -2.45075e-10)
(-14.0414 0.0614316 -1.45741e-10)
(-13.3935 -0.26383 -7.97286e-11)
(-12.6936 -0.676593 -4.06201e-11)
(-11.9801 -1.14336 -1.95781e-11)
(-11.2853 -1.6325 -9.10266e-12)
(-10.6331 -2.11787 -4.19493e-12)
(-10.0385 -2.58076 -1.97495e-12)
(-9.50837 -3.01032 -9.72505e-13)
(-9.04296 -3.40277 -5.07402e-13)
(-8.63847 -3.75883 -2.68858e-13)
(-8.28866 -4.08227 -1.47165e-13)
(-7.99345 -4.37211 -8.36413e-14)
(-7.7358 -4.62958 -6.23148e-14)
(-7.5168 -4.86667 -2.89504e-14)
(-7.32858 -5.08342 -2.20851e-14)
(-7.16567 -5.28272 -1.61682e-14)
(-7.02348 -5.46792 -2.58964e-14)
(-6.89799 -5.64185 -3.26431e-14)
(-6.78586 -5.80692 -2.57417e-14)
(-6.68437 -5.96525 -3.02955e-14)
(-6.59131 -6.11868 -9.16704e-15)
(-6.50496 -6.2688 -4.65486e-15)
(-6.42406 -6.41694 -8.55528e-15)
(-6.34778 -6.56412 -1.07864e-14)
(-6.27564 -6.71108 -1.87201e-14)
(-6.20744 -6.85826 -1.64669e-14)
(-6.14337 -7.00584 -9.7814e-15)
(-6.08356 -7.15378 -1.36934e-14)
(-6.02861 -7.30189 -2.31784e-14)
(-5.97879 -7.44972 -3.51529e-15)
(-5.93467 -7.59691 -1.83856e-14)
(-5.89668 -7.74294 -7.83412e-15)
(-5.86517 -7.88736 -8.16151e-15)
(-5.84038 -8.02975 3.76799e-16)
(-5.82245 -8.16981 -1.15005e-14)
(-5.81138 -8.30736 -9.53471e-15)
(-5.80707 -8.44232 -5.89845e-15)
(-5.8093 -8.57477 -2.21865e-14)
(-5.81779 -8.70489 -9.21138e-15)
(-5.83222 -8.83295 -1.30405e-14)
(-5.85224 -8.9593 -2.43089e-14)
(-5.87752 -9.0843 -1.75738e-14)
(-5.90776 -9.20836 -3.01796e-14)
(-5.94272 -9.33183 -1.48824e-14)
(-5.98222 -9.45504 8.84016e-15)
(-6.02616 -9.57827 -1.22928e-14)
(-6.07447 -9.70171 -8.71554e-15)
(-6.12718 -9.82553 -7.96105e-15)
(-6.18436 -9.94979 -1.28856e-14)
(-6.24611 -10.0746 -1.18879e-14)
(-6.31254 -10.1999 -7.29192e-15)
(-6.38381 -10.3256 -2.71001e-14)
(-6.46006 -10.4519 -1.0291e-14)
(-6.54142 -10.5786 -4.47894e-15)
(-6.62806 -10.7058 -1.85724e-14)
(-6.7201 -10.8333 -2.40327e-14)
(-6.81768 -10.9613 -1.89957e-14)
(-6.92092 -11.0896 -1.34192e-14)
(-7.02995 -11.2183 -1.42153e-14)
(-7.14491 -11.3474 -1.36288e-14)
(-7.26592 -11.4769 -1.7797e-14)
(-7.39314 -11.6069 -1.40542e-14)
(-7.52671 -11.7373 -2.1609e-14)
(-7.6668 -11.8682 -1.58301e-14)
(-7.81358 -11.9995 -2.33702e-14)
(-7.96723 -12.1314 -2.25083e-14)
(-8.12795 -12.2638 -2.2298e-14)
(-8.29593 -12.3967 -1.81454e-14)
(-8.47137 -12.53 -1.78681e-14)
(-8.65446 -12.6637 -2.2526e-14)
(-8.84541 -12.7979 -1.36514e-14)
(-9.0444 -12.9324 -1.86892e-14)
(-9.25164 -13.0672 -1.09902e-14)
(-9.46731 -13.2022 -1.16166e-14)
(-9.69162 -13.3373 -1.93877e-14)
(-9.92474 -13.4725 -8.77441e-15)
(-10.1669 -13.6076 -2.78526e-14)
(-10.4183 -13.7425 -1.0963e-14)
(-10.679 -13.8772 -1.37127e-14)
(-10.9494 -14.0115 -1.93384e-14)
(-11.2296 -14.1453 -1.74353e-14)
(-11.5198 -14.2786 -1.85011e-14)
(-11.8203 -14.4111 -2.30103e-15)
(-12.1311 -14.5429 -8.7116e-15)
(-12.4526 -14.6738 -2.989e-14)
(-12.7849 -14.8036 -2.3459e-14)
(-13.128 -14.9323 -2.40197e-14)
(-13.4822 -15.0597 -2.0247e-14)
(-13.8474 -15.1857 -1.93662e-14)
(-14.224 -15.3102 -3.46464e-14)
(-14.6122 -15.4331 -1.85782e-14)
(-15.0122 -15.5544 -1.43819e-14)
(-15.4244 -15.674 -2.3992e-14)
(-15.8493 -15.7921 -4.67193e-14)
(-16.2872 -15.9087 -6.66108e-15)
(-16.7385 -16.0235 -1.40357e-14)
(-17.2033 -16.1365 2.30371e-15)
(-17.6809 -16.2467 -3.69381e-15)
(-18.1697 -16.3528 -2.65555e-14)
(-18.6654 -16.4518 -1.98874e-14)
(-19.1607 -16.5391 -1.10877e-14)
(-19.6441 -16.6089 -4.73566e-14)
(-20.1013 -16.6541 -2.51329e-14)
(-20.5177 -16.6705 -3.92072e-14)
(-20.8819 -16.6563 -4.20413e-14)
(-21.1939 -16.6184 -3.07285e-14)
(-21.4662 -16.5698 -2.58798e-14)
(-21.7565 -16.5466 -2.23642e-14)
(-22.1435 -16.5848 -3.73693e-14)
(-22.6739 -16.6902 -1.09309e-14)
(-23.2524 -16.7625 -3.78843e-14)
(-23.6331 -16.6797 -8.18641e-15)
(-23.6024 -16.3521 -2.6978e-14)
(-23.1336 -15.8967 -1.86943e-14)
(-22.6831 -15.5657 -1.12349e-14)
(-23.9711 -15.954 -1.76399e-14)
(3.74461 -2.61263 -6.33625e-13)
)
;
    }
    inlet
    {
        type            calculated;
        value           uniform (0 0 0);
    }
    rWedge
    {
        type            wedge;
    }
    lWedge
    {
        type            wedge;
    }
    outlet
    {
        type            calculated;
        value           uniform (0 0 0);
    }
}


// ************************************************************************* //
