/*--------------------------------*- C++ -*----------------------------------*\
| =========                 |                                                 |
| \\      /  F ield         | OpenFOAM: The Open Source CFD Toolbox           |
|  \\    /   O peration     | Version:  v1706                                 |
|   \\  /    A nd           | Web:      www.OpenFOAM.com                      |
|    \\/     M anipulation  |                                                 |
\*---------------------------------------------------------------------------*/
FoamFile
{
    version     2.0;
    format      ascii;
    class       volScalarField;
    location    "1.2e-05";
    object      wallHeatFlux;
}
// * * * * * * * * * * * * * * * * * * * * * * * * * * * * * * * * * * * * * //

dimensions      [1 0 -3 0 0 0 0];


internalField   uniform 0;

boundaryField
{
    cone
    {
        type            calculated;
        value           nonuniform List<scalar> 
600
(
1.06948e+06
1.06917e+06
1.06883e+06
1.06845e+06
1.06802e+06
1.06752e+06
1.06696e+06
1.06633e+06
1.06562e+06
1.06485e+06
1.064e+06
1.06309e+06
1.06211e+06
1.06106e+06
1.05994e+06
1.05875e+06
1.0575e+06
1.05618e+06
1.05478e+06
1.05332e+06
1.05179e+06
1.0502e+06
1.04853e+06
1.0468e+06
1.04499e+06
1.04312e+06
1.04117e+06
1.03916e+06
1.03708e+06
1.03493e+06
1.03271e+06
1.03042e+06
1.02807e+06
1.02565e+06
1.02316e+06
1.0206e+06
1.01798e+06
1.0153e+06
1.01255e+06
1.00974e+06
1.00686e+06
1.00391e+06
1.00091e+06
997835
994703
991509
988253
984937
981561
978125
974630
971077
967466
963798
960073
956293
952458
948569
944625
940629
936579
932478
928325
924121
919868
915566
911215
906816
902370
897879
893342
888759
884133
879464
874753
870000
865206
860371
855498
850586
845636
840649
835627
830568
825475
820349
815190
809998
804776
799524
794241
788929
783590
778223
772830
767412
761970
756504
751015
745503
739971
734420
728849
723259
717652
712030
706392
700738
695070
689390
683698
677996
672281
666558
660828
655091
649345
643594
637839
632078
626314
620548
614782
609017
603253
597489
591728
585970
580215
574465
568719
562979
557246
551519
545801
540091
534391
528701
523022
517354
511701
506064
500451
494860
489282
483714
478138
472573
467031
461511
456014
450537
445083
439649
434238
428849
423482
418139
412819
407523
402252
397006
391785
386590
381421
376278
371162
366072
361010
355975
350967
345987
341035
336111
331215
326346
321505
316691
311905
307148
302417
297713
293035
288383
283758
279156
274577
270022
265473
260927
256382
251827
247243
242452
237560
232898
228442
224164
220021
215984
212035
208164
204363
200627
196952
193336
189779
186281
182841
179461
176142
172885
169692
166565
163505
160515
157596
154750
151980
149286
146670
144133
141676
139299
137002
134786
132647
130585
128595
126676
124821
123025
121282
119585
117929
116306
114712
113141
111594
110070
108572
107108
105686
104319
103020
101804
100686
99682.1
98810.5
98083.5
97487.1
97003
96629.4
96349.6
96130.4
95930.1
95700.9
95384.5
94939.1
94323.7
93488.5
92389.7
91004.4
89327.8
87373.1
85172.7
82775.7
80245.9
77656.3
75084.1
72605.1
70287.9
68190.8
66358.4
64821
63597.4
62685
62079
61777.7
61776
62063.2
62618.6
63406
64384.8
65513.8
66748.1
68043.1
69358.2
70661.8
71932.9
73164.1
74363.4
75557.8
76788
78101.9
79556.1
81213.4
83140.6
85405.1
88072.7
91206.3
94862.5
99087.9
103916
109360
115410
122021
129110
136552
144183
151810
159236
166281
172802
178690
183879
188339
192019
194829
196647
197292
196544
194143
189827
183362
174587
163482
150245
135349
119526
103655
88577.1
74922.9
63035.3
52989
44671.8
37872.8
32350.3
27871.6
24233
21264.8
18830.3
16821.4
15153.2
13759.7
12589.3
11601.7
10765.3
10055.2
9451.88
8939.1
8504.91
8139.49
7834.2
7582.41
7378.71
7218.67
7098.68
7015.75
6967.47
6951.86
6967.38
7012.78
7087.1
7189.8
7320.5
7478.85
7664.86
7878.69
8120.71
8391.43
8691.53
9021.88
9383.5
9777.57
10205.5
10668.8
11169.2
11708.7
12289.4
12913.8
13584.4
14304.2
15076.3
15904.3
16792
17743.5
18763.5
19856.9
21029.2
22286.4
23635
25082.1
26635.4
28303.5
30095.4
32021.2
34091.7
36318.5
38714
41291.7
44065.5
47050
50260.3
53711.3
57417.1
61390.5
65641.2
70174.2
74987.2
80066.8
85384.2
90888.9
96501.8
102108
107550
112623
117072
120611
122957
123860
123184
120931
117275
112531
107110
101454
95951.3
90873
86366.2
82474.4
79171.5
76392.3
74056.2
72082.9
70400.9
68951.1
67687.2
66574.6
65588.3
64710.9
63930.2
63238
62629.3
62099.4
61645.4
61266.8
60962.3
60731.5
60574.4
60491.4
60483.3
60551.5
60697.3
60922.9
61230.5
61623
62103.5
62675.6
63343
64109.1
64977.1
65948.8
67024.2
68200.8
69472.8
70830.3
72258.3
73734.6
75227.9
76695.9
78084.4
79329.3
80365.6
81134.5
81598.5
81724.6
81463.6
80807.2
79781.8
78422.1
76792.1
74979.5
73074.8
71161.8
69313.3
67585.9
66018
64630
63427.1
62403
61544.4
60834.5
60256.3
59791.9
59424.5
59140.2
58926.3
58771.9
58667.8
58606.6
58582.4
58590.6
58627.8
58691.8
58781
58894.9
59033.4
59197.1
59386.6
59602.9
59847.1
60119.9
60422.2
60754.7
61117.6
61511.1
61935.1
62389.3
62873.3
63386.5
63928.4
64498.5
65096.3
65721.5
66374
67053.9
67761.2
68496.5
69260.1
70052.7
70875.2
71728.1
72612.5
73529.1
74478.8
75462.5
76481
77535.1
78625.8
79753.8
80920
82125.2
83370.3
84656.3
85983.9
87354.3
88768.4
90227.4
91732.2
93284.1
94884.1
96533.5
98233.5
99985.2
101790
103649
105563
107534
109563
111650
113798
116007
118278
120612
123011
125475
128005
130603
133268
136001
138804
141676
144619
147632
150715
153870
157094
160389
163755
167193
170705
174299
177984
181773
185683
189726
193899
198180
202506
206765
210802
214515
217953
221276
224825
228859
234651
243634
1.07062e+06
)
;
    }
    inlet
    {
        type            calculated;
        value           uniform 0;
    }
    rWedge
    {
        type            wedge;
    }
    lWedge
    {
        type            wedge;
    }
    outlet
    {
        type            calculated;
        value           uniform 0;
    }
}


// ************************************************************************* //
