/*--------------------------------*- C++ -*----------------------------------*\
| =========                 |                                                 |
| \\      /  F ield         | OpenFOAM: The Open Source CFD Toolbox           |
|  \\    /   O peration     | Version:  v1706                                 |
|   \\  /    A nd           | Web:      www.OpenFOAM.com                      |
|    \\/     M anipulation  |                                                 |
\*---------------------------------------------------------------------------*/
FoamFile
{
    version     2.0;
    format      ascii;
    class       volVectorField;
    location    "6e-06";
    object      wallShearStress;
}
// * * * * * * * * * * * * * * * * * * * * * * * * * * * * * * * * * * * * * //

dimensions      [1 -1 -2 0 0 0 0];


internalField   uniform (0 0 0);

boundaryField
{
    cone
    {
        type            calculated;
        value           nonuniform List<vector> 
181
(
(-44.5669 -22.34 -1.24914e-13)
(-44.4431 -22.3797 -1.19855e-13)
(-44.3408 -22.4419 -1.16509e-13)
(-44.2611 -22.5267 -1.26502e-13)
(-44.2059 -22.6332 -1.21488e-13)
(-44.1784 -22.7581 -1.20112e-13)
(-44.1812 -22.8984 -1.21084e-13)
(-44.2126 -23.0583 -1.24188e-13)
(-44.273 -23.2393 -1.24557e-13)
(-44.3614 -23.4426 -1.16534e-13)
(-44.4952 -23.6577 -1.22585e-13)
(-44.6649 -23.8779 -1.19627e-13)
(-44.8714 -24.1186 -1.24406e-13)
(-45.1206 -24.3719 -1.22146e-13)
(-45.4151 -24.6347 -1.20783e-13)
(-45.7569 -24.9054 -1.18668e-13)
(-46.1484 -25.1824 -1.24688e-13)
(-46.5919 -25.464 -1.23458e-13)
(-47.09 -25.7478 -1.28048e-13)
(-47.645 -26.0318 -1.08858e-13)
(-48.2591 -26.3137 -1.06622e-13)
(-48.9347 -26.5909 -1.11022e-13)
(-49.6736 -26.861 -1.1455e-13)
(-50.478 -27.1212 -1.09773e-13)
(-51.3494 -27.3687 -1.12852e-13)
(-52.2894 -27.6005 -1.08392e-13)
(-53.2993 -27.8136 -1.13175e-13)
(-54.3799 -28.0047 -1.14129e-13)
(-55.532 -28.1705 -1.203e-13)
(-56.7558 -28.3077 -1.28771e-13)
(-58.0511 -28.4128 -1.2701e-13)
(-59.4172 -28.4824 -1.16711e-13)
(-60.853 -28.5129 -1.26636e-13)
(-62.3568 -28.5012 -1.35769e-13)
(-63.9266 -28.443 -1.06727e-13)
(-65.5596 -28.3368 -1.1564e-13)
(-67.2522 -28.1769 -9.90595e-14)
(-69.0016 -27.9628 -1.12343e-13)
(-70.8037 -27.6899 -1.13093e-13)
(-72.6488 -27.3605 -1.25617e-13)
(-74.5369 -26.9769 -1.10497e-13)
(-76.466 -26.5253 -1.12338e-13)
(-78.4271 -26.0109 -1.08508e-13)
(-80.4176 -25.4333 -1.31583e-13)
(-82.4344 -24.7914 -1.38263e-13)
(-84.4754 -24.0841 -1.21692e-13)
(-86.5403 -23.3095 -1.30495e-13)
(-88.6305 -22.4653 -1.15517e-13)
(-90.7494 -21.5474 -1.27279e-13)
(-92.903 -20.5501 -1.16968e-13)
(-95.1 -19.4648 -1.09351e-13)
(-97.3523 -18.2799 -1.12379e-13)
(-99.6751 -16.9795 -1.19062e-13)
(-102.087 -15.5427 -1.18068e-13)
(-104.611 -13.9421 -1.22889e-13)
(-107.273 -12.1423 -1.23189e-13)
(-110.107 -10.098 -1.05911e-13)
(-113.15 -7.75111 -1.0922e-13)
(-116.449 -5.0264 -1.06546e-13)
(-120.059 -1.82671 -1.11571e-13)
(-124.051 1.97482 -1.10535e-13)
(-128.509 6.54355 -1.06257e-13)
(-133.541 12.0965 -1.06578e-13)
(-139.283 18.9161 -1.02994e-13)
(-145.902 27.3681 -1.08415e-13)
(-153.604 37.9173 -1.02761e-13)
(-162.635 51.1413 -1.01433e-13)
(-173.273 67.7337 -1.15195e-13)
(-185.812 88.48 -9.4451e-14)
(-200.517 114.202 -9.62701e-14)
(-217.564 145.638 -1.07458e-13)
(-236.935 183.252 -9.50401e-14)
(-258.313 226.992 -8.89156e-14)
(-280.98 276.032 -8.20965e-14)
(-303.778 328.595 -7.66986e-14)
(-325.148 381.909 -6.65959e-14)
(-343.327 432.519 -6.05831e-14)
(-356.718 476.889 -5.4672e-14)
(-364.232 512.114 -4.31484e-14)
(-365.458 536.399 -4.75688e-14)
(-360.646 549.214 -4.078e-14)
(-350.559 551.139 -3.00534e-14)
(-336.234 543.532 -2.61954e-14)
(-318.829 528.146 -2.09105e-14)
(-299.362 506.724 -1.57851e-14)
(-278.732 480.999 -1.12898e-14)
(-257.654 452.383 -8.53487e-15)
(-236.658 422.041 -7.94501e-15)
(-216.126 390.887 -6.41136e-15)
(-196.32 359.617 -3.76876e-15)
(-177.411 328.751 -4.3166e-15)
(-159.506 298.674 -3.03336e-15)
(-142.666 269.672 -2.43104e-15)
(-126.921 241.957 -1.13308e-15)
(-112.283 215.687 -1.22979e-15)
(-98.7489 190.982 -8.41964e-16)
(-86.3056 167.925 -2.70192e-16)
(-74.9337 146.576 -5.6186e-16)
(-64.6072 126.965 2.85974e-16)
(-55.2949 109.104 4.67795e-16)
(-46.9601 92.9794 6.92328e-17)
(-39.5612 78.5583 1.21393e-16)
(-33.0499 65.7864 3.84076e-16)
(-27.3789 54.6022 3.0345e-16)
(-22.4855 44.9095 6.56446e-16)
(-18.3075 36.6048 3.14597e-16)
(-14.7735 29.5612 6.65686e-16)
(-11.8149 23.652 4.60593e-16)
(-9.36399 18.7487 4.07313e-16)
(-7.35446 14.7238 3.35045e-16)
(-5.72322 11.4539 3.52827e-16)
(-4.41161 8.82357 3.33926e-16)
(-3.36517 6.72487 4.94227e-16)
(-2.53689 5.06283 7.27309e-16)
(-1.88847 3.76121 7.22058e-16)
(-1.38448 2.7492 7.35764e-16)
(-0.995521 1.96803 3.97811e-16)
(-0.697326 1.36907 7.3382e-16)
(-0.470148 0.912708 1.66861e-16)
(-0.298105 0.567079 1.60271e-16)
(-0.168555 0.306797 1.93899e-16)
(-0.0715229 0.11183 1.47799e-16)
(0.000727386 -0.0333267 3.09148e-16)
(0.0543268 -0.141017 2.25388e-16)
(0.093856 -0.220453 3.47157e-16)
(0.122875 -0.278778 3.11221e-17)
(0.144079 -0.321404 5.14734e-16)
(0.159502 -0.352418 1.36616e-16)
(0.17067 -0.374883 4.50154e-16)
(0.178719 -0.391085 -8.02529e-17)
(0.184495 -0.402721 -1.04383e-16)
(0.18862 -0.411039 2.97283e-16)
(0.191553 -0.416962 5.25947e-16)
(0.193624 -0.421156 1.91007e-16)
(0.195081 -0.424116 2.97633e-16)
(0.196096 -0.426189 1.81462e-16)
(0.196799 -0.427633 3.10024e-17)
(0.19728 -0.428631 -2.04724e-17)
(0.197604 -0.429313 -1.31798e-16)
(0.197816 -0.429773 3.21164e-16)
(0.197951 -0.430076 5.49199e-16)
(0.198032 -0.43027 9.23206e-17)
(0.198074 -0.430387 -2.22582e-17)
(0.19809 -0.430451 -2.98376e-17)
(0.198086 -0.430478 2.39372e-16)
(0.19807 -0.43048 2.25512e-16)
(0.198045 -0.430464 3.07031e-16)
(0.198013 -0.430435 2.23013e-16)
(0.197976 -0.430399 -2.02577e-16)
(0.197936 -0.430357 -4.69211e-17)
(0.197894 -0.430312 1.63297e-16)
(0.197849 -0.430264 3.445e-16)
(0.197804 -0.430214 4.95666e-16)
(0.197758 -0.430163 1.85404e-16)
(0.197711 -0.430111 3.274e-16)
(0.197665 -0.430058 3.39618e-16)
(0.197618 -0.430004 2.13147e-16)
(0.197572 -0.429949 -6.44452e-17)
(0.197525 -0.429894 -2.12385e-16)
(0.197479 -0.429838 -1.83972e-18)
(0.197432 -0.429784 3.98986e-17)
(0.197385 -0.429729 1.30607e-16)
(0.197338 -0.429675 -2.05452e-16)
(0.197293 -0.429621 -1.69337e-16)
(0.19725 -0.429564 5.82323e-16)
(0.197212 -0.429505 7.62018e-16)
(0.19718 -0.429442 1.81601e-16)
(0.197156 -0.429373 2.57062e-16)
(0.197141 -0.429299 4.07893e-17)
(0.197135 -0.429219 3.20645e-16)
(0.197134 -0.429136 5.90724e-16)
(0.197135 -0.429054 5.10803e-16)
(0.19713 -0.428977 1.7924e-16)
(0.197116 -0.428912 2.23919e-16)
(0.197089 -0.428865 5.00353e-16)
(0.197044 -0.428833 7.65653e-16)
(0.196981 -0.428817 6.38473e-16)
(0.196904 -0.42881 3.65653e-16)
(0.196813 -0.4288 3.75861e-16)
(0.19671 -0.428782 1.39346e-16)
(0.196614 -0.428753 -1.79166e-17)
)
;
    }
    inlet
    {
        type            calculated;
        value           uniform (0 0 0);
    }
    rWedge
    {
        type            wedge;
    }
    lWedge
    {
        type            wedge;
    }
    outlet
    {
        type            calculated;
        value           nonuniform 0();
    }
    procBoundary1to0
    {
        type            processor;
        value           uniform (0 0 0);
    }
    procBoundary1to2
    {
        type            processor;
        value           uniform (0 0 0);
    }
}


// ************************************************************************* //
