/*--------------------------------*- C++ -*----------------------------------*\
| =========                 |                                                 |
| \\      /  F ield         | OpenFOAM: The Open Source CFD Toolbox           |
|  \\    /   O peration     | Version:  v1706                                 |
|   \\  /    A nd           | Web:      www.OpenFOAM.com                      |
|    \\/     M anipulation  |                                                 |
\*---------------------------------------------------------------------------*/
FoamFile
{
    version     2.0;
    format      ascii;
    class       volVectorField;
    location    "5e-06";
    object      wallShearStress;
}
// * * * * * * * * * * * * * * * * * * * * * * * * * * * * * * * * * * * * * //

dimensions      [1 -1 -2 0 0 0 0];


internalField   uniform (0 0 0);

boundaryField
{
    cone
    {
        type            calculated;
        value           nonuniform List<vector> 
147
(
(7.407 -2.36469 -6.67784e-12)
(7.39701 -3.66804 -1.29109e-11)
(7.39099 -5.10676 -1.96025e-11)
(7.38389 -6.53053 -2.39807e-11)
(7.357 -7.97276 -2.69989e-11)
(7.31414 -9.40891 -2.85902e-11)
(7.2546 -10.8522 -2.92362e-11)
(7.18498 -12.2858 -2.90674e-11)
(7.10291 -13.7209 -2.83257e-11)
(7.01198 -15.1465 -2.69692e-11)
(6.91113 -16.57 -2.55728e-11)
(6.80189 -17.9858 -2.39865e-11)
(6.68418 -19.397 -2.23194e-11)
(6.55884 -20.8013 -2.0567e-11)
(6.42608 -22.1997 -1.89115e-11)
(6.28643 -23.5912 -1.73281e-11)
(6.14042 -24.9758 -1.58747e-11)
(5.9872 -26.3525 -1.45582e-11)
(5.82653 -27.7215 -1.33117e-11)
(5.66267 -29.0837 -1.21966e-11)
(5.49391 -30.4392 -1.11611e-11)
(5.32061 -31.7872 -1.02163e-11)
(5.14311 -33.1278 -9.32255e-12)
(4.96166 -34.461 -8.59183e-12)
(4.77662 -35.7867 -7.85357e-12)
(4.58834 -37.1051 -7.22746e-12)
(4.39711 -38.4162 -6.64493e-12)
(4.20302 -39.7203 -6.16896e-12)
(4.00618 -41.0172 -5.68921e-12)
(3.80682 -42.3067 -5.25669e-12)
(3.60569 -43.5883 -4.89425e-12)
(3.40296 -44.8611 -4.54301e-12)
(3.1993 -46.1271 -4.21365e-12)
(2.99553 -47.3859 -3.95551e-12)
(2.79195 -48.6377 -3.69336e-12)
(2.58886 -49.8829 -3.49236e-12)
(2.38655 -51.1218 -3.29465e-12)
(2.18531 -52.3547 -3.07295e-12)
(1.98544 -53.582 -2.88324e-12)
(1.7872 -54.8043 -2.69189e-12)
(1.59087 -56.0218 -2.55145e-12)
(1.39665 -57.2352 -2.48516e-12)
(1.20474 -58.4451 -2.36961e-12)
(1.01531 -59.6519 -2.21037e-12)
(0.828457 -60.8566 -2.09983e-12)
(0.644266 -62.0597 -2.01367e-12)
(0.463247 -63.2619 -1.94658e-12)
(0.28434 -64.4641 -1.85492e-12)
(0.107607 -65.6674 -1.76919e-12)
(-0.0669895 -66.8727 -1.66415e-12)
(-0.239739 -68.0809 -1.61513e-12)
(-0.411009 -69.293 -1.55212e-12)
(-0.581275 -70.51 -1.50245e-12)
(-0.751156 -71.733 -1.43537e-12)
(-0.921169 -72.9629 -1.37823e-12)
(-1.0915 -74.1993 -1.33146e-12)
(-1.26326 -75.4438 -1.306e-12)
(-1.43744 -76.6977 -1.23451e-12)
(-1.61473 -77.9613 -1.21982e-12)
(-1.79636 -79.2349 -1.16174e-12)
(-1.98724 -80.5294 -1.11848e-12)
(-2.18698 -81.8424 -1.09827e-12)
(-2.39636 -83.1725 -1.10253e-12)
(-2.61686 -84.5209 -1.08667e-12)
(-2.85012 -85.8888 -1.02983e-12)
(-3.09801 -87.2778 -9.81889e-13)
(-3.36259 -88.689 -9.64314e-13)
(-3.646 -90.1238 -9.16127e-13)
(-3.95052 -91.5836 -9.08461e-13)
(-4.27851 -93.0695 -8.54869e-13)
(-4.63247 -94.5829 -8.89318e-13)
(-5.0152 -96.1252 -8.91011e-13)
(-5.4297 -97.6974 -8.92885e-13)
(-5.87902 -99.3008 -8.13947e-13)
(-6.36617 -100.936 -8.23065e-13)
(-6.89472 -102.605 -7.82106e-13)
(-7.468 -104.308 -7.62897e-13)
(-8.08973 -106.046 -7.42388e-13)
(-8.76385 -107.82 -7.45157e-13)
(-9.49422 -109.63 -7.22175e-13)
(-10.2857 -111.477 -7.106e-13)
(-11.143 -113.361 -7.13727e-13)
(-12.0705 -115.281 -6.94836e-13)
(-13.0731 -117.238 -7.01234e-13)
(-14.156 -119.23 -6.57191e-13)
(-15.3249 -121.257 -6.63131e-13)
(-16.5846 -123.317 -6.52559e-13)
(-17.9404 -125.41 -6.61908e-13)
(-19.3995 -127.53 -6.49188e-13)
(-20.9683 -129.677 -6.69121e-13)
(-22.6521 -131.845 -6.51083e-13)
(-24.4556 -134.031 -6.4305e-13)
(-26.3859 -136.23 -6.23575e-13)
(-28.4505 -138.435 -6.17531e-13)
(-30.6541 -140.638 -6.0184e-13)
(-33.0024 -142.833 -6.20869e-13)
(-35.5006 -145.008 -5.99649e-13)
(-38.1532 -147.153 -6.17737e-13)
(-40.9642 -149.256 -6.11984e-13)
(-43.9365 -151.304 -5.96886e-13)
(-47.0718 -153.28 -5.99182e-13)
(-50.3692 -155.17 -5.85094e-13)
(-53.8258 -156.955 -6.21006e-13)
(-57.4351 -158.619 -5.78756e-13)
(-61.187 -160.145 -5.61083e-13)
(-65.0653 -161.517 -5.88727e-13)
(-69.0509 -162.72 -5.85333e-13)
(-73.125 -163.737 -5.6347e-13)
(-77.2716 -164.551 -5.99569e-13)
(-81.4759 -165.136 -5.92443e-13)
(-85.7158 -165.47 -5.61402e-13)
(-89.9605 -165.54 -5.60488e-13)
(-94.1977 -165.39 -5.90653e-13)
(-98.3488 -165.002 -5.6836e-13)
(-102.365 -164.376 -5.81278e-13)
(-106.21 -163.514 -5.51706e-13)
(-109.842 -162.431 -5.66436e-13)
(-113.217 -161.149 -5.19386e-13)
(-116.308 -159.692 -4.99395e-13)
(-119.143 -158.032 -5.15738e-13)
(-121.625 -156.284 -5.0736e-13)
(-123.803 -154.417 -4.97101e-13)
(-125.664 -152.459 -5.10278e-13)
(-127.216 -150.443 -4.89407e-13)
(-128.479 -148.38 -4.61486e-13)
(-129.472 -146.286 -4.81606e-13)
(-130.221 -144.173 -4.60489e-13)
(-130.742 -142.048 -4.4309e-13)
(-131.064 -139.922 -4.29058e-13)
(-131.217 -137.791 -4.13219e-13)
(-131.205 -135.666 -4.28007e-13)
(-131.06 -133.548 -3.9519e-13)
(-130.787 -131.438 -3.99936e-13)
(-130.396 -129.353 -3.71793e-13)
(-129.915 -127.258 -3.73833e-13)
(-129.343 -125.173 -3.61194e-13)
(-128.684 -123.108 -3.7135e-13)
(-127.945 -121.069 -3.55904e-13)
(-127.13 -119.059 -3.47708e-13)
(-126.244 -117.084 -3.47325e-13)
(-125.292 -115.15 -3.53168e-13)
(-124.279 -113.262 -3.48936e-13)
(-123.21 -111.425 -3.4397e-13)
(-122.092 -109.646 -3.38964e-13)
(-120.931 -107.929 -3.22915e-13)
(-119.734 -106.279 -3.24696e-13)
(7.31713 -1.36588 -1.73252e-12)
)
;
    }
    inlet
    {
        type            calculated;
        value           uniform (0 0 0);
    }
    rWedge
    {
        type            wedge;
    }
    lWedge
    {
        type            wedge;
    }
    outlet
    {
        type            calculated;
        value           nonuniform 0();
    }
    procBoundary3to2
    {
        type            processor;
        value           uniform (0 0 0);
    }
}


// ************************************************************************* //
