/*--------------------------------*- C++ -*----------------------------------*\
| =========                 |                                                 |
| \\      /  F ield         | OpenFOAM: The Open Source CFD Toolbox           |
|  \\    /   O peration     | Version:  v1706                                 |
|   \\  /    A nd           | Web:      www.OpenFOAM.com                      |
|    \\/     M anipulation  |                                                 |
\*---------------------------------------------------------------------------*/
FoamFile
{
    version     2.0;
    format      ascii;
    class       volVectorField;
    location    "6e-06";
    object      wallShearStress;
}
// * * * * * * * * * * * * * * * * * * * * * * * * * * * * * * * * * * * * * //

dimensions      [1 -1 -2 0 0 0 0];


internalField   uniform (0 0 0);

boundaryField
{
    cone
    {
        type            calculated;
        value           nonuniform List<vector> 
147
(
(0.882048 -3.01138 -5.24214e-12)
(0.890441 -4.65707 -7.66463e-12)
(0.839563 -6.5077 -1.13411e-11)
(0.762055 -8.3121 -1.43107e-11)
(0.651711 -10.1794 -1.68253e-11)
(0.521779 -11.9993 -1.89053e-11)
(0.364296 -13.8532 -2.05594e-11)
(0.188015 -15.674 -2.16335e-11)
(-0.0133988 -17.5097 -2.23914e-11)
(-0.23444 -19.3235 -2.24752e-11)
(-0.478695 -21.1392 -2.24374e-11)
(-0.743471 -22.9404 -2.20409e-11)
(-1.03017 -24.7359 -2.13591e-11)
(-1.33769 -26.5201 -2.04874e-11)
(-1.66643 -28.2952 -1.9482e-11)
(-2.01594 -30.0594 -1.84911e-11)
(-2.3861 -31.8126 -1.74428e-11)
(-2.78169 -33.5516 -1.64332e-11)
(-3.19362 -35.2797 -1.54325e-11)
(-3.62531 -36.9961 -1.44426e-11)
(-4.07672 -38.6992 -1.34901e-11)
(-4.54769 -40.3888 -1.25728e-11)
(-5.03793 -42.0639 -1.16729e-11)
(-5.54714 -43.7244 -1.08874e-11)
(-6.07507 -45.3696 -1.00726e-11)
(-6.62156 -46.9991 -9.34798e-12)
(-7.18638 -48.6121 -8.69258e-12)
(-7.76917 -50.2084 -8.08197e-12)
(-8.36971 -51.7872 -7.50536e-12)
(-8.98771 -53.348 -6.97738e-12)
(-9.62295 -54.8893 -6.50754e-12)
(-10.2751 -56.4112 -6.0503e-12)
(-10.9438 -57.9144 -5.61836e-12)
(-11.6286 -59.3976 -5.2722e-12)
(-12.3293 -60.8603 -4.89849e-12)
(-13.0456 -62.3017 -4.60918e-12)
(-13.7769 -63.7214 -4.32615e-12)
(-14.5231 -65.1188 -4.02299e-12)
(-15.2836 -66.4933 -3.76721e-12)
(-16.0581 -67.8445 -3.51113e-12)
(-16.8462 -69.172 -3.30296e-12)
(-17.6474 -70.4751 -3.16852e-12)
(-18.4616 -71.7535 -3.00141e-12)
(-19.2879 -73.0066 -2.79399e-12)
(-20.1259 -74.2334 -2.63207e-12)
(-20.9748 -75.4331 -2.50367e-12)
(-21.8346 -76.6066 -2.39728e-12)
(-22.7044 -77.7531 -2.26637e-12)
(-23.5832 -78.8724 -2.14162e-12)
(-24.4709 -79.9641 -2.01058e-12)
(-25.3671 -81.0282 -1.92779e-12)
(-26.2721 -82.0644 -1.83641e-12)
(-27.1864 -83.0723 -1.75769e-12)
(-28.1097 -84.0511 -1.66975e-12)
(-29.0408 -84.9999 -1.59182e-12)
(-29.9784 -85.9182 -1.52212e-12)
(-30.9215 -86.8057 -1.4759e-12)
(-31.8693 -87.662 -1.39028e-12)
(-32.8214 -88.4867 -1.35203e-12)
(-33.7773 -89.2793 -1.28161e-12)
(-34.7366 -90.0402 -1.22215e-12)
(-35.6993 -90.7689 -1.18776e-12)
(-36.6642 -91.465 -1.17381e-12)
(-37.6308 -92.128 -1.14338e-12)
(-38.5985 -92.7576 -1.07604e-12)
(-39.5667 -93.3537 -1.02245e-12)
(-40.5348 -93.9158 -9.90409e-13)
(-41.5019 -94.4436 -9.32868e-13)
(-42.4674 -94.9369 -9.1797e-13)
(-43.4306 -95.3952 -8.57409e-13)
(-44.3907 -95.8185 -8.74593e-13)
(-45.3473 -96.2065 -8.67047e-13)
(-46.2993 -96.5585 -8.53925e-13)
(-47.245 -96.8748 -7.76486e-13)
(-48.1848 -97.1552 -7.74577e-13)
(-49.1176 -97.3998 -7.29928e-13)
(-50.0429 -97.6081 -7.05194e-13)
(-50.9595 -97.7792 -6.78181e-13)
(-51.8643 -97.9149 -6.69449e-13)
(-52.7603 -98.0139 -6.36812e-13)
(-53.6455 -98.076 -6.19276e-13)
(-54.5153 -98.102 -6.1042e-13)
(-55.3737 -98.0922 -5.87152e-13)
(-56.2185 -98.0451 -5.83298e-13)
(-57.0484 -97.9617 -5.3888e-13)
(-57.862 -97.8408 -5.37415e-13)
(-58.6557 -97.6859 -5.17704e-13)
(-59.4315 -97.4962 -5.15429e-13)
(-60.1913 -97.2733 -4.99992e-13)
(-60.9257 -97.0219 -4.99069e-13)
(-61.6466 -96.7247 -4.77747e-13)
(-62.3453 -96.3882 -4.66514e-13)
(-63.0213 -96.017 -4.47138e-13)
(-63.6763 -95.6111 -4.31509e-13)
(-64.3076 -95.171 -4.0987e-13)
(-64.9145 -94.6974 -4.1622e-13)
(-65.4954 -94.1911 -3.97729e-13)
(-66.0506 -93.6517 -4.00628e-13)
(-66.5789 -93.0801 -3.925e-13)
(-67.0796 -92.4767 -3.75777e-13)
(-67.5519 -91.8421 -3.69851e-13)
(-67.9948 -91.1769 -3.54772e-13)
(-68.4081 -90.4819 -3.68226e-13)
(-68.7911 -89.758 -3.35925e-13)
(-69.1431 -89.0058 -3.24487e-13)
(-69.4634 -88.2259 -3.32876e-13)
(-69.7513 -87.4195 -3.27597e-13)
(-70.0064 -86.5872 -3.09233e-13)
(-70.2282 -85.73 -3.23337e-13)
(-70.4159 -84.849 -3.12159e-13)
(-70.5691 -83.9444 -2.92909e-13)
(-70.6871 -83.0181 -2.90003e-13)
(-70.7686 -82.0709 -2.99954e-13)
(-70.8127 -81.1043 -2.86242e-13)
(-70.8182 -80.1199 -2.87064e-13)
(-70.7842 -79.1197 -2.7218e-13)
(-70.7096 -78.1056 -2.73034e-13)
(-70.5936 -77.0797 -2.49435e-13)
(-70.4352 -76.0445 -2.36115e-13)
(-70.2343 -75.0026 -2.42576e-13)
(-69.9897 -73.9565 -2.33697e-13)
(-69.7007 -72.9091 -2.31811e-13)
(-69.3663 -71.8635 -2.36593e-13)
(-68.9858 -70.8231 -2.24256e-13)
(-68.5583 -69.7915 -2.09166e-13)
(-68.0832 -68.7728 -2.18375e-13)
(-67.56 -67.7714 -2.09508e-13)
(-66.9886 -66.7916 -1.99641e-13)
(-66.3689 -65.8383 -1.94137e-13)
(-65.7015 -64.9163 -1.85353e-13)
(-64.9872 -64.0304 -1.9106e-13)
(-64.2273 -63.1857 -1.76577e-13)
(-63.4236 -62.387 -1.78254e-13)
(-62.5785 -61.6391 -1.64657e-13)
(-61.6947 -60.9467 -1.65355e-13)
(-60.7756 -60.3142 -1.5925e-13)
(-59.8252 -59.7459 -1.64181e-13)
(-58.848 -59.2458 -1.57581e-13)
(-57.8491 -58.8175 -1.54769e-13)
(-56.8344 -58.4638 -1.54526e-13)
(-55.8107 -58.1863 -1.57601e-13)
(-54.7849 -57.9875 -1.56191e-13)
(-53.7648 -57.8678 -1.53415e-13)
(-52.7595 -57.8264 -1.51751e-13)
(-51.7784 -57.8616 -1.45247e-13)
(-50.8311 -57.971 -1.45275e-13)
(0.609102 -1.76734 -1.85846e-12)
)
;
    }
    inlet
    {
        type            calculated;
        value           uniform (0 0 0);
    }
    rWedge
    {
        type            wedge;
    }
    lWedge
    {
        type            wedge;
    }
    outlet
    {
        type            calculated;
        value           nonuniform 0();
    }
    procBoundary3to2
    {
        type            processor;
        value           uniform (0 0 0);
    }
}


// ************************************************************************* //
