/*--------------------------------*- C++ -*----------------------------------*\
| =========                 |                                                 |
| \\      /  F ield         | OpenFOAM: The Open Source CFD Toolbox           |
|  \\    /   O peration     | Version:  v1706                                 |
|   \\  /    A nd           | Web:      www.OpenFOAM.com                      |
|    \\/     M anipulation  |                                                 |
\*---------------------------------------------------------------------------*/
FoamFile
{
    version     2.0;
    format      ascii;
    class       volVectorField;
    location    "7e-06";
    object      wallShearStress;
}
// * * * * * * * * * * * * * * * * * * * * * * * * * * * * * * * * * * * * * //

dimensions      [1 -1 -2 0 0 0 0];


internalField   uniform (0 0 0);

boundaryField
{
    cone
    {
        type            calculated;
        value           nonuniform List<vector> 
119
(
(-0.965291 1.90937 -2.01763e-15)
(-0.621952 1.2205 -4.35513e-16)
(-0.378916 0.732881 3.95831e-17)
(-0.208448 0.390882 1.47547e-16)
(-0.0898713 0.153008 9.05776e-17)
(-0.0080606 -0.0110804 3.69051e-16)
(0.0479993 -0.123465 2.89393e-16)
(0.0861181 -0.199865 1.44765e-16)
(0.111856 -0.251431 -9.29253e-17)
(0.129113 -0.285993 -1.62725e-16)
(0.1406 -0.309003 -4.92172e-17)
(0.148191 -0.324221 1.01354e-16)
(0.153167 -0.334221 5.63848e-16)
(0.156406 -0.340749 7.04394e-16)
(0.158492 -0.344981 7.29228e-16)
(0.159822 -0.347709 3.81377e-16)
(0.160659 -0.349448 5.52499e-16)
(0.161179 -0.350548 3.97611e-16)
(0.161494 -0.351234 2.62482e-16)
(0.161679 -0.351654 -1.22095e-16)
(0.161782 -0.351903 -3.94364e-16)
(0.161833 -0.352042 -2.06979e-16)
(0.161851 -0.352113 -1.64744e-16)
(0.161848 -0.352139 3.8696e-16)
(0.161833 -0.352137 6.31617e-16)
(0.16181 -0.352118 4.92848e-16)
(0.161783 -0.352089 3.08587e-16)
(0.161752 -0.352052 1.18001e-16)
(0.161719 -0.352011 1.63138e-16)
(0.161685 -0.351968 4.05263e-16)
(0.16165 -0.351922 2.42369e-16)
(0.161615 -0.351876 9.77802e-17)
(0.16158 -0.35183 5.27427e-16)
(0.161544 -0.351783 2.71712e-16)
(0.161509 -0.351736 4.84729e-16)
(0.161474 -0.351689 6.02327e-16)
(0.161438 -0.351642 7.83561e-16)
(0.161403 -0.351594 5.6056e-16)
(0.161368 -0.351547 4.84047e-16)
(0.161333 -0.3515 4.2012e-16)
(0.161298 -0.351453 4.74731e-17)
(0.161264 -0.351406 2.22949e-16)
(0.161229 -0.351359 1.99285e-16)
(0.161195 -0.351312 -4.65262e-17)
(0.16116 -0.351266 -2.22229e-17)
(0.161126 -0.351219 -1.75045e-16)
(0.161092 -0.351172 3.62534e-16)
(0.161057 -0.351126 8.69325e-16)
(0.161023 -0.351079 4.29237e-16)
(0.16099 -0.351033 4.34885e-16)
(0.160956 -0.350987 3.98915e-16)
(0.160922 -0.350941 3.29625e-16)
(0.160889 -0.350894 3.38217e-16)
(0.160855 -0.350848 3.37944e-16)
(0.160822 -0.350802 -3.41855e-17)
(0.160788 -0.350756 4.07467e-16)
(0.160755 -0.35071 4.30888e-16)
(0.160722 -0.350665 8.07162e-17)
(0.160689 -0.350619 -2.53803e-17)
(0.160656 -0.350573 8.93405e-17)
(0.160624 -0.350528 3.05021e-16)
(0.160591 -0.350482 3.0941e-16)
(0.160558 -0.350437 1.84695e-16)
(0.160526 -0.350391 4.98134e-17)
(0.160494 -0.350346 7.61515e-17)
(0.160461 -0.350301 -2.31917e-17)
(0.160429 -0.350256 7.2524e-17)
(0.160397 -0.350211 -1.05332e-16)
(0.160365 -0.350166 -1.12807e-16)
(0.160334 -0.350121 -9.45336e-17)
(0.160302 -0.350076 2.98379e-18)
(0.16027 -0.350031 3.53602e-17)
(0.160239 -0.349987 7.7048e-17)
(0.160207 -0.349942 2.57787e-16)
(0.160176 -0.349898 1.67611e-16)
(0.160144 -0.349853 3.31569e-16)
(0.160113 -0.349809 2.96444e-16)
(0.160082 -0.349765 1.7386e-16)
(0.160051 -0.34972 3.14896e-16)
(0.16002 -0.349676 1.81922e-17)
(0.15999 -0.349632 4.03529e-16)
(0.159959 -0.349588 3.40229e-16)
(0.159928 -0.349544 2.10701e-16)
(0.159898 -0.3495 3.10044e-16)
(0.159867 -0.349457 3.50011e-16)
(0.159837 -0.349413 6.11507e-16)
(0.159807 -0.349369 4.17126e-16)
(0.159777 -0.349326 -2.52748e-17)
(0.159747 -0.349282 6.74942e-17)
(0.159717 -0.349239 4.65378e-17)
(0.159687 -0.349196 7.08919e-17)
(0.159657 -0.349152 6.23606e-17)
(0.159627 -0.349109 -1.57458e-16)
(0.159598 -0.349066 5.83952e-17)
(0.159568 -0.349023 1.61045e-16)
(0.159539 -0.34898 -9.56025e-17)
(0.159509 -0.348938 -3.55234e-16)
(0.159478 -0.348895 3.6073e-16)
(0.159446 -0.348854 4.88953e-16)
(0.159408 -0.348817 8.48578e-16)
(0.159356 -0.348786 6.69917e-16)
(0.159258 -0.348764 2.30071e-16)
(0.159057 -0.348764 3.12931e-16)
(0.158701 -0.348855 2.70071e-16)
(0.158021 -0.349132 -4.06769e-16)
(0.156771 -0.34974 -1.7397e-16)
(0.15465 -0.350898 -3.76341e-16)
(0.151299 -0.352875 -4.31235e-16)
(0.146416 -0.355928 -1.63862e-16)
(0.139873 -0.360156 -3.3831e-17)
(0.131808 -0.365339 4.42432e-17)
(0.122583 -0.37086 -1.02332e-16)
(0.112638 -0.375779 2.74575e-16)
(0.10221 -0.378801 -2.12382e-16)
(0.0907404 -0.378771 2.65365e-16)
(0.0771456 -0.379037 -4.96203e-17)
(0.0577542 -0.375697 7.39479e-17)
(0.0222124 -0.373378 2.73764e-16)
(0.042926 -0.404888 1.38416e-16)
)
;
    }
    inlet
    {
        type            calculated;
        value           uniform (0 0 0);
    }
    rWedge
    {
        type            wedge;
    }
    lWedge
    {
        type            wedge;
    }
    outlet
    {
        type            calculated;
        value           uniform (0 0 0);
    }
    procBoundary0to1
    {
        type            processor;
        value           uniform (0 0 0);
    }
    procBoundary0to2
    {
        type            processor;
        value           uniform (0 0 0);
    }
}


// ************************************************************************* //
