/*--------------------------------*- C++ -*----------------------------------*\
| =========                 |                                                 |
| \\      /  F ield         | OpenFOAM: The Open Source CFD Toolbox           |
|  \\    /   O peration     | Version:  v1706                                 |
|   \\  /    A nd           | Web:      www.OpenFOAM.com                      |
|    \\/     M anipulation  |                                                 |
\*---------------------------------------------------------------------------*/
FoamFile
{
    version     2.0;
    format      ascii;
    class       volVectorField;
    location    "9e-06";
    object      wallShearStress;
}
// * * * * * * * * * * * * * * * * * * * * * * * * * * * * * * * * * * * * * //

dimensions      [1 -1 -2 0 0 0 0];


internalField   uniform (0 0 0);

boundaryField
{
    cone
    {
        type            calculated;
        value           nonuniform List<vector> 
181
(
(7.78313 -12.8998 -2.6254e-14)
(7.89922 -13.3597 -2.57868e-14)
(7.98972 -13.833 -2.51487e-14)
(8.05454 -14.3208 -2.78902e-14)
(8.09311 -14.824 -2.74094e-14)
(8.1044 -15.3432 -2.83805e-14)
(8.08698 -15.8792 -2.97491e-14)
(8.03897 -16.4323 -3.19522e-14)
(7.95811 -17.0029 -3.28199e-14)
(7.84173 -17.5912 -3.16757e-14)
(7.68673 -18.197 -3.45115e-14)
(7.48951 -18.8201 -3.47912e-14)
(7.24599 -19.4597 -3.76668e-14)
(6.95149 -20.1148 -3.79323e-14)
(6.60067 -20.7837 -3.82277e-14)
(6.18746 -21.464 -3.83066e-14)
(5.70496 -22.1524 -4.12574e-14)
(5.14537 -22.8443 -4.20304e-14)
(4.49982 -23.5336 -4.46422e-14)
(3.75835 -24.2123 -3.8445e-14)
(2.90979 -24.8697 -3.84524e-14)
(1.94171 -25.4921 -4.10511e-14)
(0.840469 -26.0617 -4.37112e-14)
(-0.408635 -26.5558 -4.29112e-14)
(-1.82109 -26.9459 -4.60185e-14)
(-3.41249 -27.1964 -4.54657e-14)
(-5.19747 -27.264 -4.91173e-14)
(-7.1879 -27.0969 -5.1118e-14)
(-9.38999 -26.6363 -5.52898e-14)
(-11.7997 -25.8196 -6.01818e-14)
(-14.3964 -24.5886 -5.84752e-14)
(-17.1348 -22.9029 -5.34505e-14)
(-19.9404 -20.753 -5.66835e-14)
(-22.7268 -18.1571 -6.15912e-14)
(-25.2933 -15.1478 -4.84635e-14)
(-27.6411 -11.9545 -5.30533e-14)
(-29.5116 -8.69896 -4.34195e-14)
(-30.7455 -5.65813 -5.0428e-14)
(-31.3035 -3.08263 -5.27101e-14)
(-31.147 -1.13883 -5.84868e-14)
(-30.3227 0.0296192 -4.77869e-14)
(-28.9449 0.399553 -4.49692e-14)
(-27.1979 0.0880111 -4.15588e-14)
(-25.2827 -0.708524 -5.08184e-14)
(-23.3705 -1.78049 -5.26101e-14)
(-21.5847 -2.9462 -4.47799e-14)
(-19.9982 -4.07098 -4.6878e-14)
(-18.641 -5.07068 -3.7766e-14)
(-17.5114 -5.90474 -4.47095e-14)
(-16.5874 -6.56497 -3.92631e-14)
(-15.8369 -7.06392 -3.47801e-14)
(-15.2251 -7.42533 -3.56753e-14)
(-14.7185 -7.67701 -4.03538e-14)
(-14.2882 -7.84627 -4.21476e-14)
(-13.9108 -7.95716 -4.69514e-14)
(-13.5683 -8.02918 -4.67667e-14)
(-13.2478 -8.07716 -3.73806e-14)
(-12.9406 -8.1117 -3.66589e-14)
(-12.6412 -8.13995 -3.60075e-14)
(-12.3465 -8.16638 -3.71528e-14)
(-12.0548 -8.19361 -3.96179e-14)
(-11.7654 -8.22297 -3.85458e-14)
(-11.4783 -8.25504 -3.80977e-14)
(-11.1935 -8.29002 -3.56542e-14)
(-10.9112 -8.32792 -3.96528e-14)
(-10.6318 -8.3687 -3.45265e-14)
(-10.3554 -8.41233 -3.43624e-14)
(-10.0822 -8.45882 -4.14885e-14)
(-9.81254 -8.50815 -3.19535e-14)
(-9.54659 -8.5603 -3.39903e-14)
(-9.28461 -8.61529 -3.93278e-14)
(-9.0268 -8.67321 -3.56596e-14)
(-8.77291 -8.7349 -3.63615e-14)
(-8.52527 -8.79887 -3.4084e-14)
(-8.28179 -8.86382 -3.34484e-14)
(-8.04325 -8.93235 -3.04812e-14)
(-7.81045 -9.00433 -3.17359e-14)
(-7.58319 -9.07891 -3.05723e-14)
(-7.36167 -9.15633 -2.52807e-14)
(-7.146 -9.23672 -3.65089e-14)
(-6.93628 -9.32025 -3.78756e-14)
(-6.73259 -9.40712 -3.16739e-14)
(-6.535 -9.49754 -3.46111e-14)
(-6.34359 -9.59177 -3.4836e-14)
(-6.15839 -9.6901 -3.33915e-14)
(-5.97946 -9.79287 -3.11531e-14)
(-5.80683 -9.90045 -2.89297e-14)
(-5.64057 -10.0133 -3.26961e-14)
(-5.48073 -10.1318 -3.32323e-14)
(-5.32741 -10.2564 -2.99875e-14)
(-5.18066 -10.3876 -3.55144e-14)
(-5.04078 -10.526 -3.45767e-14)
(-4.90767 -10.6719 -3.8506e-14)
(-4.78201 -10.8259 -3.58199e-14)
(-4.66386 -10.9882 -3.76109e-14)
(-4.55398 -11.1591 -3.69258e-14)
(-4.45313 -11.3387 -3.47196e-14)
(-4.3623 -11.5266 -3.81022e-14)
(-4.28261 -11.7226 -3.1896e-14)
(-4.21522 -11.9261 -2.93582e-14)
(-4.16128 -12.1366 -3.48002e-14)
(-4.12193 -12.3535 -3.60406e-14)
(-4.09821 -12.5761 -3.28626e-14)
(-4.09108 -12.8039 -3.65691e-14)
(-4.10151 -13.0362 -3.06333e-14)
(-4.13044 -13.2725 -3.76406e-14)
(-4.17891 -13.5119 -2.83778e-14)
(-4.24801 -13.7535 -3.1756e-14)
(-4.33894 -13.9964 -3.12937e-14)
(-4.45295 -14.2392 -3.48984e-14)
(-4.5913 -14.4805 -3.2767e-14)
(-4.75522 -14.7186 -3.53492e-14)
(-4.94584 -14.9518 -3.17673e-14)
(-5.16419 -15.1781 -2.634e-14)
(-5.41113 -15.3952 -2.72131e-14)
(-5.68732 -15.6009 -2.54007e-14)
(-5.99316 -15.7925 -3.52862e-14)
(-6.3287 -15.9673 -2.13419e-14)
(-6.69355 -16.1227 -4.05418e-14)
(-7.08674 -16.2557 -3.73561e-14)
(-7.50667 -16.3637 -3.58441e-14)
(-7.9509 -16.4446 -4.00707e-14)
(-8.41612 -16.4963 -3.26456e-14)
(-8.89807 -16.5178 -3.62106e-14)
(-9.39152 -16.5088 -3.13172e-14)
(-9.89026 -16.4702 -4.51501e-14)
(-10.3873 -16.404 -2.33375e-14)
(-10.875 -16.3137 -4.19219e-14)
(-11.3454 -16.2041 -2.606e-14)
(-11.7904 -16.0813 -4.87967e-14)
(-12.2028 -15.9524 -4.72737e-14)
(-12.5758 -15.8251 -3.46147e-14)
(-12.9043 -15.7075 -2.50927e-14)
(-13.1847 -15.6075 -3.78125e-14)
(-13.4155 -15.5325 -3.47921e-14)
(-13.5974 -15.4887 -3.49482e-14)
(-13.734 -15.48 -4.1155e-14)
(-13.8316 -15.5071 -4.25141e-14)
(-13.8985 -15.5681 -4.64118e-14)
(-13.9433 -15.6598 -3.0238e-14)
(-13.9743 -15.7782 -2.01695e-14)
(-13.9997 -15.9184 -3.9382e-14)
(-14.0268 -16.0753 -4.44293e-14)
(-14.062 -16.2438 -4.49654e-14)
(-14.1102 -16.4191 -3.35787e-14)
(-14.1753 -16.5973 -3.27689e-14)
(-14.2598 -16.7751 -3.05276e-14)
(-14.365 -16.9501 -3.3716e-14)
(-14.4914 -17.1206 -5.10675e-14)
(-14.6387 -17.2857 -4.2572e-14)
(-14.8061 -17.445 -3.73484e-14)
(-14.9926 -17.5984 -3.08779e-14)
(-15.1969 -17.7463 -2.4609e-14)
(-15.4178 -17.889 -4.02094e-14)
(-15.6542 -18.0268 -3.60376e-14)
(-15.9051 -18.1603 -3.2249e-14)
(-16.1694 -18.2898 -3.78255e-14)
(-16.4466 -18.4156 -4.87793e-14)
(-16.736 -18.5378 -5.15948e-14)
(-17.037 -18.6567 -4.42216e-14)
(-17.3492 -18.7723 -4.51825e-14)
(-17.6723 -18.8849 -3.82042e-14)
(-18.0059 -18.9944 -5.26046e-14)
(-18.3496 -19.1012 -5.85316e-14)
(-18.7032 -19.2053 -2.57394e-14)
(-19.0663 -19.3071 -1.45784e-14)
(-19.4388 -19.4066 -4.33932e-14)
(-19.8204 -19.5041 -2.69525e-14)
(-20.2111 -19.5998 -2.46126e-14)
(-20.6107 -19.6939 2.25207e-14)
(-21.0192 -19.7864 -2.1287e-13)
(-21.4366 -19.8774 -1.16968e-12)
(-21.863 -19.967 -4.25485e-11)
(-22.2985 -20.0552 -2.3751e-10)
(-22.7432 -20.1419 -7.93354e-10)
(-23.1973 -20.2271 -1.77002e-09)
(-23.6609 -20.3106 -2.82413e-09)
(-24.1339 -20.3923 -3.42254e-09)
(-24.6165 -20.4722 -3.30295e-09)
(-25.1088 -20.5502 -2.63084e-09)
(-25.6109 -20.6262 -1.77726e-09)
)
;
    }
    inlet
    {
        type            calculated;
        value           uniform (0 0 0);
    }
    rWedge
    {
        type            wedge;
    }
    lWedge
    {
        type            wedge;
    }
    outlet
    {
        type            calculated;
        value           nonuniform 0();
    }
    procBoundary1to0
    {
        type            processor;
        value           uniform (0 0 0);
    }
    procBoundary1to2
    {
        type            processor;
        value           uniform (0 0 0);
    }
}


// ************************************************************************* //
