/*--------------------------------*- C++ -*----------------------------------*\
| =========                 |                                                 |
| \\      /  F ield         | OpenFOAM: The Open Source CFD Toolbox           |
|  \\    /   O peration     | Version:  v1706                                 |
|   \\  /    A nd           | Web:      www.OpenFOAM.com                      |
|    \\/     M anipulation  |                                                 |
\*---------------------------------------------------------------------------*/
FoamFile
{
    version     2.0;
    format      ascii;
    class       volVectorField;
    location    "5e-06";
    object      wallShearStress;
}
// * * * * * * * * * * * * * * * * * * * * * * * * * * * * * * * * * * * * * //

dimensions      [1 -1 -2 0 0 0 0];


internalField   uniform (0 0 0);

boundaryField
{
    cone
    {
        type            calculated;
        value           nonuniform List<vector> 
153
(
(-118.509 -104.7 -3.12134e-13)
(-117.263 -103.196 -2.9199e-13)
(-116.004 -101.771 -2.90612e-13)
(-114.741 -100.427 -2.98988e-13)
(-113.481 -99.1679 -2.82533e-13)
(-112.234 -97.9959 -2.72289e-13)
(-111.005 -96.9161 -2.90043e-13)
(-109.803 -95.9315 -2.74842e-13)
(-108.641 -95.0463 -2.71263e-13)
(-107.545 -94.2409 -2.70814e-13)
(-106.508 -93.5069 -2.7428e-13)
(-105.534 -92.8559 -2.6774e-13)
(-104.631 -92.2863 -2.79523e-13)
(-103.808 -91.7944 -2.69111e-13)
(-103.069 -91.3788 -2.57397e-13)
(-102.42 -91.0378 -2.56671e-13)
(-101.865 -90.7701 -2.70821e-13)
(-101.411 -90.5746 -2.50788e-13)
(-101.065 -90.4493 -2.56528e-13)
(-100.837 -90.3853 -2.57644e-13)
(-100.737 -90.3679 -2.52105e-13)
(-100.759 -90.3942 -2.52842e-13)
(-100.885 -90.4678 -2.38585e-13)
(-101.078 -90.6103 -2.37022e-13)
(-101.334 -90.802 -2.39927e-13)
(-101.78 -91.1151 -2.30168e-13)
(-102.383 -91.4965 -2.46785e-13)
(-103.144 -91.9289 -2.47758e-13)
(-104.07 -92.406 -2.36073e-13)
(-105.162 -92.929 -2.34572e-13)
(-106.422 -93.497 -2.52305e-13)
(-107.849 -94.115 -2.39544e-13)
(-109.447 -94.7852 -2.52784e-13)
(-111.227 -95.5007 -2.34278e-13)
(-113.192 -96.2615 -2.34495e-13)
(-115.346 -97.067 -2.38799e-13)
(-117.693 -97.9199 -2.35812e-13)
(-120.245 -98.813 -2.45888e-13)
(-122.999 -99.7398 -2.54565e-13)
(-125.954 -100.697 -2.50991e-13)
(-129.129 -101.665 -2.43871e-13)
(-132.475 -102.572 -2.55497e-13)
(-135.903 -103.464 -2.39071e-13)
(-139.384 -104.284 -2.4616e-13)
(-142.816 -104.987 -2.53243e-13)
(-146.114 -105.54 -2.54783e-13)
(-149.232 -105.913 -2.64521e-13)
(-151.944 -106.084 -2.53371e-13)
(-154.267 -106.443 -2.57415e-13)
(-157.94 -107.979 -2.5345e-13)
(-162.859 -110.107 -2.69367e-13)
(-168.552 -112.53 -2.75962e-13)
(-174.961 -115.221 -2.70212e-13)
(-182.036 -118.14 -2.78069e-13)
(-189.729 -121.248 -2.83401e-13)
(-197.984 -124.503 -2.87074e-13)
(-206.724 -127.859 -3.02498e-13)
(-215.861 -131.268 -3.05645e-13)
(-225.3 -134.69 -2.97902e-13)
(-234.955 -138.089 -3.21298e-13)
(-244.754 -141.439 -3.07902e-13)
(-254.646 -144.717 -3.01468e-13)
(-264.585 -147.895 -3.1739e-13)
(-274.528 -150.949 -3.24674e-13)
(-284.426 -153.852 -3.38752e-13)
(-294.229 -156.585 -3.22922e-13)
(-303.881 -159.139 -3.16221e-13)
(-313.324 -161.527 -3.08795e-13)
(-322.548 -163.66 -3.37245e-13)
(-331.499 -165.425 -3.45595e-13)
(-340.031 -166.745 -3.24593e-13)
(-347.897 -167.711 -3.2714e-13)
(-355.1 -168.37 -3.16234e-13)
(-361.565 -168.553 -3.10069e-13)
(-367.239 -168.327 -3.27657e-13)
(-372.149 -167.724 -3.34638e-13)
(-376.331 -166.743 -3.28462e-13)
(-379.822 -165.389 -3.19718e-13)
(-382.657 -163.688 -3.25537e-13)
(-384.875 -161.569 -3.29149e-13)
(-386.474 -159.01 -3.17584e-13)
(-387.437 -155.982 -3.12653e-13)
(-387.744 -152.453 -3.07364e-13)
(-387.391 -148.389 -2.91668e-13)
(-386.387 -143.743 -3.13004e-13)
(-384.747 -138.453 -2.9721e-13)
(-382.486 -132.444 -2.83945e-13)
(-379.616 -125.616 -2.87345e-13)
(-376.144 -117.837 -2.90218e-13)
(-372.082 -108.941 -2.79439e-13)
(-367.444 -98.7112 -2.81158e-13)
(-362.28 -86.8707 -2.64254e-13)
(-356.693 -73.0421 -2.53572e-13)
(-350.866 -56.7327 -2.61807e-13)
(-345.104 -37.3198 -2.53867e-13)
(-339.805 -14.0678 -2.57425e-13)
(-335.457 13.7204 -2.6385e-13)
(-332.493 46.5242 -2.43502e-13)
(-331.199 84.3722 -2.34499e-13)
(-331.618 126.704 -2.12616e-13)
(-333.547 172.395 -2.22645e-13)
(-336.576 219.915 -2.02405e-13)
(-340.194 267.536 -2.01031e-13)
(-343.89 313.601 -1.98176e-13)
(-347.23 356.719 -1.75048e-13)
(-349.899 395.884 -1.74711e-13)
(-351.706 430.502 -1.65959e-13)
(-352.573 460.343 -1.59313e-13)
(-352.503 485.462 -1.45782e-13)
(-351.557 506.108 -1.38191e-13)
(-349.82 522.645 -1.28633e-13)
(-347.388 535.484 -1.28254e-13)
(-344.357 545.046 -1.10577e-13)
(-340.81 551.731 -1.05302e-13)
(-336.823 555.903 -1.00182e-13)
(-332.455 557.888 -9.53298e-14)
(-327.755 557.965 -9.0708e-14)
(-322.762 556.376 -8.34629e-14)
(-317.505 553.325 -7.8128e-14)
(-312.007 548.986 -7.4831e-14)
(-306.283 543.5 -6.96361e-14)
(-300.344 536.997 -6.42163e-14)
(-294.202 529.567 -6.19389e-14)
(-287.862 521.306 -5.9931e-14)
(-281.332 512.289 -5.38369e-14)
(-274.618 502.58 -4.89228e-14)
(-267.728 492.239 -4.64258e-14)
(-260.669 481.319 -4.17181e-14)
(-253.452 469.871 -3.94701e-14)
(-246.086 457.94 -3.61537e-14)
(-238.583 445.57 -3.31606e-14)
(-230.955 432.803 -3.00729e-14)
(-223.217 419.678 -2.64411e-14)
(-215.381 406.237 -2.48701e-14)
(-207.464 392.517 -2.23324e-14)
(-199.483 378.556 -1.93047e-14)
(-191.453 364.393 -1.86303e-14)
(-183.392 350.066 -1.60625e-14)
(-175.318 335.611 -1.50288e-14)
(-167.25 321.066 -1.34617e-14)
(-159.205 306.47 -1.32467e-14)
(-151.204 291.861 -1.12891e-14)
(-143.265 277.277 -9.19539e-15)
(-135.406 262.757 -7.66577e-15)
(-127.649 248.339 -7.17036e-15)
(-120.01 234.064 -6.69948e-15)
(-112.51 219.97 -5.68633e-15)
(-105.166 206.097 -4.73249e-15)
(-97.9971 192.485 -4.09809e-15)
(-91.0193 179.169 -3.77224e-15)
(-84.2473 166.186 -2.72815e-15)
(-77.6967 153.578 -2.41417e-15)
(-71.3942 141.399 -2.01875e-15)
)
;
    }
    inlet
    {
        type            calculated;
        value           uniform (0 0 0);
    }
    rWedge
    {
        type            wedge;
    }
    lWedge
    {
        type            wedge;
    }
    outlet
    {
        type            calculated;
        value           nonuniform 0();
    }
    procBoundary2to0
    {
        type            processor;
        value           uniform (0 0 0);
    }
    procBoundary2to1
    {
        type            processor;
        value           uniform (0 0 0);
    }
    procBoundary2to3
    {
        type            processor;
        value           uniform (0 0 0);
    }
}


// ************************************************************************* //
