/*--------------------------------*- C++ -*----------------------------------*\
| =========                 |                                                 |
| \\      /  F ield         | OpenFOAM: The Open Source CFD Toolbox           |
|  \\    /   O peration     | Version:  v1706                                 |
|   \\  /    A nd           | Web:      www.OpenFOAM.com                      |
|    \\/     M anipulation  |                                                 |
\*---------------------------------------------------------------------------*/
FoamFile
{
    version     2.0;
    format      ascii;
    class       volVectorField;
    location    "7e-06";
    object      wallShearStress;
}
// * * * * * * * * * * * * * * * * * * * * * * * * * * * * * * * * * * * * * //

dimensions      [1 -1 -2 0 0 0 0];


internalField   uniform (0 0 0);

boundaryField
{
    cone
    {
        type            calculated;
        value           nonuniform List<vector> 
181
(
(-27.2181 -22.5163 -9.03104e-14)
(-26.997 -22.3581 -8.63396e-14)
(-26.7799 -22.2024 -8.24113e-14)
(-26.5661 -22.0493 -9.0196e-14)
(-26.3553 -21.8986 -8.61369e-14)
(-26.1468 -21.7503 -8.62482e-14)
(-25.9405 -21.6044 -8.82076e-14)
(-25.7358 -21.4611 -9.14234e-14)
(-25.5325 -21.3202 -9.08982e-14)
(-25.3304 -21.182 -8.47448e-14)
(-25.1291 -21.0466 -8.95168e-14)
(-24.9284 -20.9141 -8.66656e-14)
(-24.728 -20.7847 -9.0235e-14)
(-24.5277 -20.6589 -8.78066e-14)
(-24.3275 -20.5368 -8.63511e-14)
(-24.1274 -20.4188 -8.40088e-14)
(-23.9272 -20.3051 -8.87522e-14)
(-23.727 -20.1961 -8.66119e-14)
(-23.5268 -20.092 -9.05064e-14)
(-23.3266 -19.9933 -7.56018e-14)
(-23.1264 -19.9003 -7.34912e-14)
(-22.9263 -19.8134 -7.49714e-14)
(-22.7261 -19.7332 -7.83988e-14)
(-22.5253 -19.6604 -7.40947e-14)
(-22.3219 -19.5977 -7.60471e-14)
(-22.1283 -19.5427 -7.02132e-14)
(-21.9349 -19.4922 -7.28306e-14)
(-21.7374 -19.4535 -7.38655e-14)
(-21.5407 -19.4256 -7.85683e-14)
(-21.3467 -19.4088 -8.42554e-14)
(-21.1566 -19.4033 -8.01946e-14)
(-20.9702 -19.4097 -7.14749e-14)
(-20.7878 -19.4283 -7.67174e-14)
(-20.61 -19.4598 -8.29463e-14)
(-20.4376 -19.5045 -6.45915e-14)
(-20.2714 -19.5629 -7.169e-14)
(-20.1121 -19.6355 -5.81428e-14)
(-19.9608 -19.7227 -6.90849e-14)
(-19.8182 -19.8249 -7.25679e-14)
(-19.6854 -19.9426 -8.32855e-14)
(-19.5636 -20.0759 -6.88718e-14)
(-19.4542 -20.2251 -6.76533e-14)
(-19.3585 -20.3903 -6.41785e-14)
(-19.2783 -20.5708 -8.08807e-14)
(-19.215 -20.7666 -8.50065e-14)
(-19.1703 -20.9776 -7.39896e-14)
(-19.146 -21.2031 -7.95968e-14)
(-19.1438 -21.4426 -6.55269e-14)
(-19.1654 -21.6955 -7.794e-14)
(-19.2129 -21.9609 -7.11494e-14)
(-19.2882 -22.238 -6.43809e-14)
(-19.3932 -22.5256 -6.65283e-14)
(-19.53 -22.8225 -7.48162e-14)
(-19.7007 -23.1273 -7.59927e-14)
(-19.9072 -23.4386 -8.55958e-14)
(-20.1517 -23.7545 -8.61905e-14)
(-20.436 -24.0733 -7.02955e-14)
(-20.7622 -24.3929 -6.93272e-14)
(-21.1319 -24.7111 -6.88618e-14)
(-21.5469 -25.0255 -7.25605e-14)
(-22.0086 -25.3336 -7.58586e-14)
(-22.5181 -25.6328 -7.42763e-14)
(-23.0764 -25.9202 -7.32272e-14)
(-23.6838 -26.1929 -6.93023e-14)
(-24.3406 -26.4479 -7.82376e-14)
(-25.0462 -26.6821 -7.02306e-14)
(-25.7998 -26.8925 -7.22513e-14)
(-26.5996 -27.076 -9.02362e-14)
(-27.4435 -27.2297 -7.11671e-14)
(-28.3281 -27.3509 -7.55781e-14)
(-29.2496 -27.4375 -8.89412e-14)
(-30.2032 -27.4876 -8.1036e-14)
(-31.1829 -27.5002 -8.34869e-14)
(-32.1822 -27.4751 -7.82966e-14)
(-33.1936 -27.4129 -7.78994e-14)
(-34.2089 -27.3157 -7.13528e-14)
(-35.2195 -27.1865 -7.50661e-14)
(-36.2163 -27.0297 -7.59685e-14)
(-37.1906 -26.8512 -6.24018e-14)
(-38.134 -26.658 -8.54832e-14)
(-39.0391 -26.4576 -9.34961e-14)
(-39.9006 -26.2569 -7.89351e-14)
(-40.7152 -26.0621 -8.58108e-14)
(-41.4806 -25.8804 -8.79778e-14)
(-42.196 -25.7192 -8.50222e-14)
(-42.8637 -25.5836 -8.02058e-14)
(-43.4882 -25.4764 -7.29767e-14)
(-44.0758 -25.3991 -8.34174e-14)
(-44.6338 -25.3517 -8.44668e-14)
(-45.1705 -25.3325 -7.48028e-14)
(-45.6948 -25.3387 -8.90207e-14)
(-46.2153 -25.3665 -8.40085e-14)
(-46.7402 -25.4111 -9.02088e-14)
(-47.2771 -25.4677 -8.49876e-14)
(-47.8321 -25.5317 -8.95249e-14)
(-48.4105 -25.5988 -8.61502e-14)
(-49.0163 -25.6647 -8.13284e-14)
(-49.652 -25.7265 -8.72205e-14)
(-50.3194 -25.7809 -7.53929e-14)
(-51.0199 -25.8258 -6.88069e-14)
(-51.7532 -25.86 -8.08406e-14)
(-52.5188 -25.883 -8.35168e-14)
(-53.3155 -25.8935 -7.42733e-14)
(-54.1444 -25.891 -8.18494e-14)
(-55.004 -25.8751 -6.92543e-14)
(-55.8919 -25.848 -8.6302e-14)
(-56.808 -25.8097 -6.96638e-14)
(-57.7549 -25.7583 -7.74488e-14)
(-58.7303 -25.6941 -7.49337e-14)
(-59.7352 -25.6175 -7.97912e-14)
(-60.7705 -25.5281 -7.83511e-14)
(-61.8373 -25.4251 -8.36115e-14)
(-62.9373 -25.3076 -7.67816e-14)
(-64.0721 -25.1744 -6.48648e-14)
(-65.244 -25.0238 -6.40826e-14)
(-66.4554 -24.8541 -6.04961e-14)
(-67.7093 -24.663 -8.11034e-14)
(-69.0088 -24.4477 -5.23126e-14)
(-70.3573 -24.2054 -8.43421e-14)
(-71.7588 -23.9323 -7.74271e-14)
(-73.2178 -23.6243 -7.37206e-14)
(-74.7392 -23.2765 -7.85614e-14)
(-76.3284 -22.8835 -7.09828e-14)
(-77.9915 -22.4386 -7.7693e-14)
(-79.7357 -21.9343 -6.76502e-14)
(-81.5689 -21.3615 -8.88832e-14)
(-83.5001 -20.7097 -5.59e-14)
(-85.54 -19.966 -7.92565e-14)
(-87.701 -19.1146 -5.68679e-14)
(-89.9978 -18.1363 -8.72366e-14)
(-92.4483 -17.0068 -8.76281e-14)
(-95.0739 -15.6954 -6.95942e-14)
(-97.9012 -14.1626 -5.69539e-14)
(-100.963 -12.3566 -7.51348e-14)
(-104.302 -10.2086 -6.5707e-14)
(-107.974 -7.6251 -7.02887e-14)
(-112.049 -4.47717 -7.5691e-14)
(-116.627 -0.583429 -7.55812e-14)
(-121.84 4.31555 -8.40353e-14)
(-127.875 10.5924 -6.65905e-14)
(-134.988 18.7847 -5.49607e-14)
(-143.53 29.6561 -7.2528e-14)
(-153.966 44.2643 -7.3137e-14)
(-166.874 64.0039 -7.19669e-14)
(-182.9 90.5759 -6.21273e-14)
(-202.619 125.785 -6.19583e-14)
(-226.261 171.053 -5.78951e-14)
(-253.325 226.612 -5.65321e-14)
(-282.207 290.59 -6.29213e-14)
(-310.06 358.309 -5.38698e-14)
(-333.12 422.628 -4.73593e-14)
(-347.879 475.806 -3.8557e-14)
(-352.409 512.157 -3.04739e-14)
(-346.742 529.463 -2.90717e-14)
(-332.472 528.808 -2.24702e-14)
(-311.979 513.491 -1.75257e-14)
(-287.693 487.357 -1.47621e-14)
(-261.562 454.207 -1.3865e-14)
(-235.08 417.053 -1.13164e-14)
(-209.219 378.148 -7.82051e-15)
(-184.578 339.081 -5.61868e-15)
(-161.49 300.92 -4.07809e-15)
(-140.122 264.374 -3.23927e-15)
(-120.542 229.909 -2.67583e-15)
(-102.758 197.839 -2.68177e-16)
(-86.748 168.368 3.27785e-16)
(-72.4671 141.62 -6.37968e-16)
(-59.8572 117.656 -1.45642e-16)
(-48.8478 96.4784 -8.90867e-16)
(-39.3558 78.0357 -3.44646e-15)
(-31.287 62.2285 -1.40815e-14)
(-24.5332 48.9083 -4.72131e-14)
(-18.9745 37.8884 -1.21148e-13)
(-14.4741 28.9326 -2.30119e-13)
(-10.8869 21.7745 -3.08775e-13)
(-8.07539 16.1534 -2.96203e-13)
(-5.90739 11.8134 -2.12505e-13)
(-4.26091 8.51514 -1.19062e-13)
(-3.02672 6.04254 -5.39126e-14)
(-2.11269 4.21029 -2.04402e-14)
(-1.44579 2.87307 -6.62381e-15)
)
;
    }
    inlet
    {
        type            calculated;
        value           uniform (0 0 0);
    }
    rWedge
    {
        type            wedge;
    }
    lWedge
    {
        type            wedge;
    }
    outlet
    {
        type            calculated;
        value           nonuniform 0();
    }
    procBoundary1to0
    {
        type            processor;
        value           uniform (0 0 0);
    }
    procBoundary1to2
    {
        type            processor;
        value           uniform (0 0 0);
    }
}


// ************************************************************************* //
