/*--------------------------------*- C++ -*----------------------------------*\
| =========                 |                                                 |
| \\      /  F ield         | OpenFOAM: The Open Source CFD Toolbox           |
|  \\    /   O peration     | Version:  v1706                                 |
|   \\  /    A nd           | Web:      www.OpenFOAM.com                      |
|    \\/     M anipulation  |                                                 |
\*---------------------------------------------------------------------------*/
FoamFile
{
    version     2.0;
    format      ascii;
    class       volVectorField;
    location    "1e-05";
    object      wallShearStress;
}
// * * * * * * * * * * * * * * * * * * * * * * * * * * * * * * * * * * * * * //

dimensions      [1 -1 -2 0 0 0 0];


internalField   uniform (0 0 0);

boundaryField
{
    cone
    {
        type            calculated;
        value           nonuniform List<vector> 
153
(
(-134.685 -118.773 -6.27194e-14)
(-134.639 -117.387 -5.02849e-14)
(-134.564 -115.992 -5.10387e-14)
(-134.461 -114.589 -5.56177e-14)
(-134.331 -113.177 -5.05707e-14)
(-134.172 -111.759 -4.35201e-14)
(-133.985 -110.333 -5.61726e-14)
(-133.77 -108.901 -4.78526e-14)
(-133.527 -107.462 -4.65412e-14)
(-133.256 -106.018 -4.66546e-14)
(-132.956 -104.569 -4.94751e-14)
(-132.629 -103.115 -4.81566e-14)
(-132.273 -101.657 -5.45013e-14)
(-131.889 -100.195 -5.02738e-14)
(-131.475 -98.7284 -4.53936e-14)
(-131.032 -97.2585 -4.62991e-14)
(-130.559 -95.7851 -5.30656e-14)
(-130.056 -94.3082 -4.42719e-14)
(-129.521 -92.8281 -4.60313e-14)
(-128.954 -91.3448 -4.81503e-14)
(-128.354 -89.8583 -4.5374e-14)
(-127.719 -88.3681 -4.68755e-14)
(-127.049 -86.8747 -3.82687e-14)
(-126.343 -85.3779 -3.89952e-14)
(-125.598 -83.8775 -4.08476e-14)
(-124.813 -82.3734 -3.58674e-14)
(-123.987 -80.8653 -4.58698e-14)
(-123.117 -79.3529 -4.77519e-14)
(-122.202 -77.8358 -4.18154e-14)
(-121.239 -76.3135 -4.1719e-14)
(-120.226 -74.7861 -5.10135e-14)
(-119.161 -73.2527 -4.39818e-14)
(-118.038 -71.7127 -5.04278e-14)
(-116.857 -70.1652 -3.96877e-14)
(-115.611 -68.609 -4.20896e-14)
(-114.297 -67.0421 -4.38837e-14)
(-112.906 -65.4649 -4.21969e-14)
(-111.436 -63.8736 -4.68798e-14)
(-109.887 -62.2665 -4.88222e-14)
(-108.256 -60.6454 -4.54802e-14)
(-106.538 -59.0099 -4.2661e-14)
(-104.72 -57.3541 -4.72114e-14)
(-102.78 -55.699 -4.02728e-14)
(-100.692 -54.051 -4.29403e-14)
(-98.4766 -52.3329 -4.47274e-14)
(-96.1125 -50.5554 -4.44417e-14)
(-93.5776 -48.7765 -4.66712e-14)
(-90.8609 -46.8501 -4.28966e-14)
(-87.75 -45.029 -4.36504e-14)
(-84.8095 -43.4358 -4.07811e-14)
(-82.2745 -42.1348 -4.65359e-14)
(-79.9883 -40.9771 -4.68282e-14)
(-77.895 -39.9255 -4.41685e-14)
(-75.9633 -38.9612 -4.47318e-14)
(-74.1742 -38.0704 -4.48444e-14)
(-72.5141 -37.2424 -4.50161e-14)
(-70.9733 -36.4685 -4.93656e-14)
(-69.5442 -35.741 -4.79395e-14)
(-68.2206 -35.0528 -4.62567e-14)
(-66.9974 -34.3969 -5.15293e-14)
(-65.8697 -33.7664 -4.68645e-14)
(-64.8323 -33.1542 -4.61873e-14)
(-63.8797 -32.5535 -4.93859e-14)
(-63.0052 -31.9574 -5.02235e-14)
(-62.2007 -31.3592 -5.1978e-14)
(-61.4569 -30.7525 -4.62912e-14)
(-60.7643 -30.1292 -4.53017e-14)
(-60.1149 -29.4768 -4.4936e-14)
(-59.4727 -28.8191 -5.15441e-14)
(-58.8196 -28.1537 -5.10042e-14)
(-58.1693 -27.4555 -4.48597e-14)
(-57.4886 -26.7373 -4.49963e-14)
(-56.7539 -26.0142 -4.31866e-14)
(-55.9483 -25.2949 -4.30911e-14)
(-55.0561 -24.5925 -4.73658e-14)
(-54.0653 -23.9235 -4.88044e-14)
(-52.9685 -23.3064 -4.73024e-14)
(-51.764 -22.7615 -4.56828e-14)
(-50.4557 -22.3103 -4.92749e-14)
(-49.0542 -21.975 -5.07082e-14)
(-47.5784 -21.7762 -4.85437e-14)
(-46.0574 -21.7289 -4.78333e-14)
(-44.5327 -21.8381 -4.69961e-14)
(-43.0595 -22.0963 -4.56099e-14)
(-41.6956 -22.4562 -5.09545e-14)
(-40.4344 -22.8898 -4.82374e-14)
(-39.3258 -23.4488 -4.69758e-14)
(-38.3595 -24.1191 -4.95208e-14)
(-37.564 -24.8974 -5.14397e-14)
(-36.9795 -25.7681 -5.01201e-14)
(-36.6505 -26.6737 -5.31602e-14)
(-36.6039 -27.6105 -4.89476e-14)
(-36.8541 -28.5449 -4.6312e-14)
(-37.4123 -29.4524 -5.14259e-14)
(-38.278 -30.3059 -4.95415e-14)
(-39.4448 -31.0787 -5.2977e-14)
(-40.8978 -31.7439 -5.92758e-14)
(-42.6118 -32.2741 -5.48862e-14)
(-44.5517 -32.6431 -5.551e-14)
(-46.6718 -32.8257 -4.72891e-14)
(-48.9168 -32.799 -5.81346e-14)
(-51.2228 -32.5439 -4.88346e-14)
(-53.5188 -32.0474 -5.63359e-14)
(-55.7297 -31.3069 -6.25699e-14)
(-57.7766 -30.3338 -5.27159e-14)
(-59.5961 -29.1097 -5.9449e-14)
(-61.117 -27.6343 -6.35051e-14)
(-62.4095 -25.9995 -6.639e-14)
(-63.2594 -24.173 -5.40088e-14)
(-63.7209 -22.2451 -5.49779e-14)
(-63.7699 -20.2663 -5.00677e-14)
(-63.4067 -18.3195 -6.10489e-14)
(-62.652 -16.4886 -4.70393e-14)
(-61.5448 -14.8543 -4.8932e-14)
(-60.1427 -13.4877 -4.92763e-14)
(-58.5208 -12.4425 -4.81152e-14)
(-56.768 -11.7487 -5.12546e-14)
(-54.9814 -11.4115 -5.07504e-14)
(-53.2591 -11.4148 -4.75947e-14)
(-51.694 -11.7274 -4.98855e-14)
(-50.3928 -12.2927 -5.11871e-14)
(-49.5258 -12.9833 -4.6342e-14)
(-49.1031 -13.6357 -5.20202e-14)
(-49.0454 -14.277 -5.64273e-14)
(-49.4139 -14.9102 -5.16176e-14)
(-50.284 -15.362 -5.02845e-14)
(-51.6376 -15.5354 -5.73661e-14)
(-53.4256 -15.3465 -5.25999e-14)
(-55.58 -14.6926 -5.41891e-14)
(-58.0016 -13.4692 -5.71503e-14)
(-60.5533 -11.581 -5.65235e-14)
(-63.0588 -8.95002 -5.5108e-14)
(-65.3217 -5.5099 -4.90528e-14)
(-67.0861 -1.36655 -5.06557e-14)
(-68.0945 3.39528 -4.61452e-14)
(-68.0789 8.49642 -4.04977e-14)
(-66.8471 13.516 -4.40269e-14)
(-64.267 17.9731 -3.85146e-14)
(-60.3612 21.3889 -3.74305e-14)
(-55.3099 23.4228 -3.84689e-14)
(-49.4366 23.9679 -3.824e-14)
(-43.145 23.1602 -3.44694e-14)
(-36.8328 21.3101 -2.93656e-14)
(-30.8227 18.795 -2.52988e-14)
(-25.329 15.9663 -2.46117e-14)
(-20.4599 13.097 -2.55553e-14)
(-16.2399 10.3676 -2.29344e-14)
(-12.6385 7.87831 -2.10195e-14)
(-9.59514 5.66956 -2.15556e-14)
(-7.03731 3.74364 -2.18479e-14)
(-4.89215 2.08111 -2.02442e-14)
(-3.09231 0.652232 -2.00591e-14)
(-1.5785 -0.576334 -1.71754e-14)
)
;
    }
    inlet
    {
        type            calculated;
        value           uniform (0 0 0);
    }
    rWedge
    {
        type            wedge;
    }
    lWedge
    {
        type            wedge;
    }
    outlet
    {
        type            calculated;
        value           nonuniform 0();
    }
    procBoundary2to0
    {
        type            processor;
        value           uniform (0 0 0);
    }
    procBoundary2to1
    {
        type            processor;
        value           uniform (0 0 0);
    }
    procBoundary2to3
    {
        type            processor;
        value           uniform (0 0 0);
    }
}


// ************************************************************************* //
