/*--------------------------------*- C++ -*----------------------------------*\
| =========                 |                                                 |
| \\      /  F ield         | OpenFOAM: The Open Source CFD Toolbox           |
|  \\    /   O peration     | Version:  v1706                                 |
|   \\  /    A nd           | Web:      www.OpenFOAM.com                      |
|    \\/     M anipulation  |                                                 |
\*---------------------------------------------------------------------------*/
FoamFile
{
    version     2.0;
    format      ascii;
    class       volVectorField;
    location    "1.1e-05";
    object      wallShearStress;
}
// * * * * * * * * * * * * * * * * * * * * * * * * * * * * * * * * * * * * * //

dimensions      [1 -1 -2 0 0 0 0];


internalField   uniform (0 0 0);

boundaryField
{
    cone
    {
        type            calculated;
        value           nonuniform List<vector> 
147
(
(4.19085 -4.87091 -1.72258e-12)
(4.27946 -7.41643 -2.24843e-12)
(4.1989 -10.3131 -4.00143e-12)
(4.08245 -13.1448 -4.99627e-12)
(3.91213 -16.0566 -5.93904e-12)
(3.7115 -18.9167 -6.62702e-12)
(3.46875 -21.8134 -7.37149e-12)
(3.19572 -24.6755 -8.03045e-12)
(2.88409 -27.5515 -8.6963e-12)
(2.54119 -30.4043 -8.92496e-12)
(2.16195 -33.2577 -9.38386e-12)
(1.75064 -36.0938 -9.65239e-12)
(1.30458 -38.9233 -9.88922e-12)
(0.826103 -41.738 -9.95696e-12)
(0.314011 -44.5418 -9.95494e-12)
(-0.230476 -47.3312 -9.89256e-12)
(-0.807731 -50.1072 -9.86995e-12)
(-1.41706 -52.868 -9.85959e-12)
(-2.05844 -55.6136 -9.72106e-12)
(-2.73139 -58.3427 -9.60036e-12)
(-3.43805 -61.0537 -9.43592e-12)
(-4.17828 -63.7451 -9.23919e-12)
(-4.94528 -66.4194 -8.99687e-12)
(-5.74252 -69.0751 -8.81499e-12)
(-6.56967 -71.7105 -8.54214e-12)
(-7.42643 -74.325 -8.30943e-12)
(-8.3124 -76.9177 -8.06424e-12)
(-9.22714 -79.488 -7.84573e-12)
(-10.1702 -82.035 -7.59127e-12)
(-11.1412 -84.5579 -7.31078e-12)
(-12.1397 -87.056 -7.07458e-12)
(-13.1651 -89.5285 -6.81554e-12)
(-14.217 -91.9748 -6.56294e-12)
(-15.2949 -94.3941 -6.33728e-12)
(-16.3983 -96.7857 -6.07676e-12)
(-17.5267 -99.1489 -5.88993e-12)
(-18.6794 -101.483 -5.67256e-12)
(-19.8564 -103.785 -5.41176e-12)
(-21.0565 -106.058 -5.19505e-12)
(-22.2794 -108.301 -4.96857e-12)
(-23.5244 -110.512 -4.76271e-12)
(-24.791 -112.692 -4.64096e-12)
(-26.0786 -114.838 -4.46298e-12)
(-27.3865 -116.951 -4.24629e-12)
(-28.7143 -119.03 -4.06403e-12)
(-30.0613 -121.074 -3.91601e-12)
(-31.4267 -123.084 -3.77492e-12)
(-32.8101 -125.057 -3.63211e-12)
(-34.2106 -126.995 -3.48144e-12)
(-35.6277 -128.897 -3.3104e-12)
(-37.0608 -130.761 -3.18991e-12)
(-38.5091 -132.588 -3.0681e-12)
(-39.9718 -134.377 -2.95111e-12)
(-41.4486 -136.128 -2.81707e-12)
(-42.9384 -137.84 -2.70384e-12)
(-44.4405 -139.512 -2.59483e-12)
(-45.9541 -141.145 -2.51054e-12)
(-47.4793 -142.738 -2.37987e-12)
(-49.0148 -144.292 -2.30914e-12)
(-50.5599 -145.805 -2.2091e-12)
(-52.1139 -147.277 -2.11401e-12)
(-53.6762 -148.708 -2.03898e-12)
(-55.2459 -150.098 -1.99316e-12)
(-56.8223 -151.446 -1.92594e-12)
(-58.4047 -152.752 -1.82667e-12)
(-59.9924 -154.016 -1.74465e-12)
(-61.5847 -155.239 -1.68036e-12)
(-63.1807 -156.418 -1.592e-12)
(-64.7798 -157.555 -1.5429e-12)
(-66.3811 -158.65 -1.45366e-12)
(-67.984 -159.701 -1.44192e-12)
(-69.5878 -160.71 -1.40425e-12)
(-71.1917 -161.675 -1.36892e-12)
(-72.795 -162.597 -1.26239e-12)
(-74.3968 -163.476 -1.23376e-12)
(-75.9966 -164.312 -1.16616e-12)
(-77.5935 -165.104 -1.11967e-12)
(-79.1868 -165.853 -1.07251e-12)
(-80.776 -166.559 -1.03464e-12)
(-82.3601 -167.222 -9.86778e-13)
(-83.9384 -167.841 -9.45499e-13)
(-85.5102 -168.418 -9.23036e-13)
(-87.0751 -168.951 -8.81459e-13)
(-88.632 -169.441 -8.56917e-13)
(-90.1805 -169.889 -7.95709e-13)
(-91.72 -170.293 -7.71426e-13)
(-93.2488 -170.655 -7.45829e-13)
(-94.7674 -170.975 -7.26747e-13)
(-96.2747 -171.252 -6.90506e-13)
(-97.7704 -171.488 -6.81932e-13)
(-99.2535 -171.682 -6.47977e-13)
(-100.723 -171.834 -6.18951e-13)
(-102.179 -171.945 -5.85162e-13)
(-103.62 -172.014 -5.60052e-13)
(-105.046 -172.043 -5.3098e-13)
(-106.457 -172.032 -5.27864e-13)
(-107.85 -171.981 -4.95532e-13)
(-109.228 -171.889 -4.91431e-13)
(-110.587 -171.758 -4.70271e-13)
(-111.928 -171.588 -4.41851e-13)
(-113.25 -171.378 -4.29502e-13)
(-114.552 -171.131 -4.02004e-13)
(-115.834 -170.846 -4.19601e-13)
(-117.097 -170.523 -3.75067e-13)
(-118.338 -170.161 -3.5319e-13)
(-119.56 -169.764 -3.58394e-13)
(-120.759 -169.33 -3.45158e-13)
(-121.935 -168.86 -3.15838e-13)
(-123.087 -168.354 -3.3131e-13)
(-124.218 -167.813 -3.14331e-13)
(-125.325 -167.238 -2.87878e-13)
(-126.408 -166.63 -2.82607e-13)
(-127.465 -165.988 -2.93373e-13)
(-128.498 -165.312 -2.70744e-13)
(-129.505 -164.607 -2.71552e-13)
(-130.487 -163.868 -2.47577e-13)
(-131.442 -163.098 -2.50369e-13)
(-132.369 -162.299 -2.18356e-13)
(-133.271 -161.469 -2.01478e-13)
(-134.145 -160.609 -2.07223e-13)
(-134.984 -159.729 -1.95679e-13)
(-135.801 -158.814 -1.89494e-13)
(-136.594 -157.868 -1.92709e-13)
(-137.358 -156.894 -1.75401e-13)
(-138.094 -155.893 -1.56531e-13)
(-138.8 -154.866 -1.66751e-13)
(-139.478 -153.814 -1.53499e-13)
(-140.126 -152.737 -1.40536e-13)
(-140.745 -151.636 -1.31095e-13)
(-141.334 -150.511 -1.18256e-13)
(-141.893 -149.364 -1.25854e-13)
(-142.422 -148.194 -1.0608e-13)
(-142.921 -147.003 -1.09228e-13)
(-143.389 -145.791 -9.1862e-14)
(-143.828 -144.558 -9.36293e-14)
(-144.235 -143.306 -8.3895e-14)
(-144.612 -142.035 -8.85888e-14)
(-144.958 -140.746 -7.88499e-14)
(-145.273 -139.439 -7.6064e-14)
(-145.558 -138.114 -7.53229e-14)
(-145.812 -136.774 -7.71444e-14)
(-146.035 -135.419 -7.34517e-14)
(-146.23 -134.05 -7.20039e-14)
(-146.395 -132.667 -7.00142e-14)
(-146.528 -131.271 -5.88335e-14)
(-146.63 -129.86 -6.04308e-14)
(3.76402 -2.55363 -1.63603e-13)
)
;
    }
    inlet
    {
        type            calculated;
        value           uniform (0 0 0);
    }
    rWedge
    {
        type            wedge;
    }
    lWedge
    {
        type            wedge;
    }
    outlet
    {
        type            calculated;
        value           nonuniform 0();
    }
    procBoundary3to2
    {
        type            processor;
        value           uniform (0 0 0);
    }
}


// ************************************************************************* //
