/*--------------------------------*- C++ -*----------------------------------*\
| =========                 |                                                 |
| \\      /  F ield         | OpenFOAM: The Open Source CFD Toolbox           |
|  \\    /   O peration     | Version:  v1706                                 |
|   \\  /    A nd           | Web:      www.OpenFOAM.com                      |
|    \\/     M anipulation  |                                                 |
\*---------------------------------------------------------------------------*/
FoamFile
{
    version     2.0;
    format      ascii;
    class       volVectorField;
    location    "1.2e-05";
    object      wallShearStress;
}
// * * * * * * * * * * * * * * * * * * * * * * * * * * * * * * * * * * * * * //

dimensions      [1 -1 -2 0 0 0 0];


internalField   uniform (0 0 0);

boundaryField
{
    cone
    {
        type            calculated;
        value           nonuniform List<vector> 
147
(
(4.18703 -5.01208 -2.03809e-12)
(4.28938 -7.63018 -2.69072e-12)
(4.20998 -10.6186 -4.39838e-12)
(4.09192 -13.527 -5.40679e-12)
(3.91657 -16.5317 -6.47425e-12)
(3.71112 -19.4725 -7.33309e-12)
(3.46073 -22.4601 -8.11081e-12)
(3.18027 -25.4057 -8.78852e-12)
(2.85895 -28.3708 -9.44737e-12)
(2.50619 -31.3088 -9.6947e-12)
(2.1153 -34.2502 -1.02296e-11)
(1.69182 -37.1726 -1.04742e-11)
(1.23211 -40.0896 -1.07196e-11)
(0.739199 -42.991 -1.07353e-11)
(0.211412 -45.8821 -1.07411e-11)
(-0.349708 -48.7584 -1.06589e-11)
(-0.944755 -51.6215 -1.05871e-11)
(-1.57289 -54.4692 -1.0549e-11)
(-2.23418 -57.3017 -1.03815e-11)
(-2.92808 -60.1177 -1.02028e-11)
(-3.65483 -62.9163 -1.00325e-11)
(-4.41995 -65.6941 -9.81791e-12)
(-5.21109 -68.4544 -9.5357e-12)
(-6.03357 -71.1965 -9.33898e-12)
(-6.88694 -73.918 -9.02529e-12)
(-7.77102 -76.6185 -8.77087e-12)
(-8.68533 -79.2971 -8.46943e-12)
(-9.62947 -81.953 -8.21772e-12)
(-10.603 -84.5854 -7.9381e-12)
(-11.6055 -87.1935 -7.6473e-12)
(-12.6365 -89.7766 -7.39383e-12)
(-13.6955 -92.3338 -7.11019e-12)
(-14.782 -94.8646 -6.81531e-12)
(-15.8956 -97.3681 -6.5845e-12)
(-17.0357 -99.8437 -6.30614e-12)
(-18.2019 -102.291 -6.09522e-12)
(-19.3934 -104.708 -5.8701e-12)
(-20.6101 -107.095 -5.61285e-12)
(-21.8512 -109.45 -5.35855e-12)
(-23.116 -111.775 -5.11183e-12)
(-24.404 -114.068 -4.89106e-12)
(-25.7146 -116.329 -4.76774e-12)
(-27.0472 -118.557 -4.58085e-12)
(-28.4013 -120.751 -4.35887e-12)
(-29.7761 -122.911 -4.15442e-12)
(-31.1711 -125.035 -4.00424e-12)
(-32.5857 -127.125 -3.85798e-12)
(-34.0192 -129.178 -3.70473e-12)
(-35.4709 -131.196 -3.53795e-12)
(-36.9403 -133.176 -3.3638e-12)
(-38.4264 -135.119 -3.24536e-12)
(-39.9289 -137.024 -3.11264e-12)
(-41.447 -138.89 -2.98963e-12)
(-42.9798 -140.718 -2.86339e-12)
(-44.5269 -142.507 -2.75047e-12)
(-46.0874 -144.256 -2.63934e-12)
(-47.6603 -145.965 -2.54823e-12)
(-49.2454 -147.633 -2.42186e-12)
(-50.842 -149.261 -2.35147e-12)
(-52.4493 -150.848 -2.24261e-12)
(-54.0666 -152.394 -2.14224e-12)
(-55.6929 -153.898 -2.07026e-12)
(-57.3276 -155.361 -2.02646e-12)
(-58.9701 -156.781 -1.95816e-12)
(-60.6197 -158.159 -1.85946e-12)
(-62.2753 -159.495 -1.77058e-12)
(-63.9364 -160.787 -1.70926e-12)
(-65.6023 -162.037 -1.61989e-12)
(-67.2722 -163.243 -1.5675e-12)
(-68.9455 -164.406 -1.47807e-12)
(-70.621 -165.526 -1.46521e-12)
(-72.2984 -166.602 -1.42954e-12)
(-73.9768 -167.634 -1.39659e-12)
(-75.6555 -168.622 -1.29065e-12)
(-77.3337 -169.567 -1.26814e-12)
(-79.0109 -170.467 -1.19884e-12)
(-80.6859 -171.324 -1.15083e-12)
(-82.3582 -172.136 -1.10614e-12)
(-84.0272 -172.905 -1.06765e-12)
(-85.692 -173.63 -1.02181e-12)
(-87.3521 -174.31 -9.81736e-13)
(-89.0066 -174.947 -9.56131e-13)
(-90.6546 -175.54 -9.13529e-13)
(-92.2957 -176.089 -8.8883e-13)
(-93.9291 -176.595 -8.30173e-13)
(-95.5542 -177.057 -8.04641e-13)
(-97.1695 -177.475 -7.78676e-13)
(-98.7756 -177.85 -7.58063e-13)
(-100.371 -178.182 -7.22739e-13)
(-101.956 -178.472 -7.14925e-13)
(-103.528 -178.718 -6.80998e-13)
(-105.088 -178.923 -6.51307e-13)
(-106.636 -179.085 -6.17399e-13)
(-108.168 -179.205 -5.91835e-13)
(-109.686 -179.282 -5.6333e-13)
(-111.19 -179.32 -5.60053e-13)
(-112.678 -179.316 -5.28819e-13)
(-114.149 -179.271 -5.23562e-13)
(-115.603 -179.185 -5.01954e-13)
(-117.04 -179.059 -4.74217e-13)
(-118.459 -178.893 -4.61954e-13)
(-119.859 -178.688 -4.35791e-13)
(-121.238 -178.443 -4.53453e-13)
(-122.598 -178.16 -4.08281e-13)
(-123.939 -177.839 -3.84717e-13)
(-125.258 -177.479 -3.88596e-13)
(-126.556 -177.082 -3.76695e-13)
(-127.832 -176.648 -3.48346e-13)
(-129.087 -176.177 -3.64674e-13)
(-130.318 -175.67 -3.47415e-13)
(-131.525 -175.128 -3.21784e-13)
(-132.708 -174.55 -3.12562e-13)
(-133.869 -173.938 -3.22458e-13)
(-135.004 -173.293 -3.01522e-13)
(-136.114 -172.613 -3.01016e-13)
(-137.198 -171.9 -2.74859e-13)
(-138.253 -171.159 -2.77715e-13)
(-139.286 -170.383 -2.45572e-13)
(-140.291 -169.575 -2.27513e-13)
(-141.26 -168.748 -2.3303e-13)
(-142.21 -167.882 -2.21461e-13)
(-143.135 -166.982 -2.1407e-13)
(-144.032 -166.053 -2.16338e-13)
(-144.901 -165.095 -1.99869e-13)
(-145.741 -164.109 -1.80642e-13)
(-146.552 -163.096 -1.89788e-13)
(-147.335 -162.056 -1.76602e-13)
(-148.088 -160.99 -1.64902e-13)
(-148.811 -159.899 -1.52102e-13)
(-149.504 -158.783 -1.39261e-13)
(-150.168 -157.643 -1.46257e-13)
(-150.801 -156.479 -1.26358e-13)
(-151.405 -155.292 -1.27658e-13)
(-151.977 -154.083 -1.1152e-13)
(-152.52 -152.853 -1.11645e-13)
(-153.031 -151.601 -1.00969e-13)
(-153.512 -150.33 -1.06306e-13)
(-153.961 -149.038 -9.61116e-14)
(-154.38 -147.728 -9.08847e-14)
(-154.767 -146.399 -8.76784e-14)
(-155.124 -145.052 -8.90813e-14)
(-155.45 -143.689 -8.48182e-14)
(-155.746 -142.311 -8.30727e-14)
(-156.013 -140.918 -8.09052e-14)
(-156.247 -139.512 -6.8185e-14)
(-156.449 -138.089 -6.86785e-14)
(3.74461 -2.61263 -6.33625e-13)
)
;
    }
    inlet
    {
        type            calculated;
        value           uniform (0 0 0);
    }
    rWedge
    {
        type            wedge;
    }
    lWedge
    {
        type            wedge;
    }
    outlet
    {
        type            calculated;
        value           nonuniform 0();
    }
    procBoundary3to2
    {
        type            processor;
        value           uniform (0 0 0);
    }
}


// ************************************************************************* //
