/*--------------------------------*- C++ -*----------------------------------*\
| =========                 |                                                 |
| \\      /  F ield         | OpenFOAM: The Open Source CFD Toolbox           |
|  \\    /   O peration     | Version:  v1706                                 |
|   \\  /    A nd           | Web:      www.OpenFOAM.com                      |
|    \\/     M anipulation  |                                                 |
\*---------------------------------------------------------------------------*/
FoamFile
{
    version     2.0;
    format      ascii;
    class       volVectorField;
    location    "1.2e-05";
    object      wallShearStress;
}
// * * * * * * * * * * * * * * * * * * * * * * * * * * * * * * * * * * * * * //

dimensions      [1 -1 -2 0 0 0 0];


internalField   uniform (0 0 0);

boundaryField
{
    cone
    {
        type            calculated;
        value           nonuniform List<vector> 
153
(
(-156.614 -136.649 -6.13013e-14)
(-156.746 -135.192 -4.84767e-14)
(-156.847 -133.723 -4.71627e-14)
(-156.918 -132.244 -5.58741e-14)
(-156.958 -130.753 -4.4697e-14)
(-156.967 -129.252 -3.8226e-14)
(-156.944 -127.741 -4.85511e-14)
(-156.889 -126.22 -3.7252e-14)
(-156.803 -124.69 -3.52385e-14)
(-156.685 -123.151 -3.35213e-14)
(-156.535 -121.605 -3.51157e-14)
(-156.353 -120.051 -3.26881e-14)
(-156.139 -118.49 -3.85881e-14)
(-155.892 -116.922 -3.20565e-14)
(-155.613 -115.348 -2.49646e-14)
(-155.3 -113.768 -2.285e-14)
(-154.955 -112.183 -2.94845e-14)
(-154.575 -110.592 -1.99532e-14)
(-154.161 -108.997 -2.01161e-14)
(-153.713 -107.397 -2.28608e-14)
(-153.229 -105.792 -1.75008e-14)
(-152.709 -104.184 -1.82761e-14)
(-152.152 -102.571 -7.38411e-15)
(-151.557 -100.955 -6.10925e-15)
(-150.923 -99.3347 -6.54068e-15)
(-150.249 -97.7105 -1.06421e-15)
(-149.532 -96.082 -1.18556e-14)
(-148.77 -94.449 -1.11187e-14)
(-147.963 -92.8113 -3.77391e-15)
(-147.106 -91.1685 -3.70789e-15)
(-146.198 -89.52 -1.20998e-14)
(-145.235 -87.8648 -3.94445e-15)
(-144.213 -86.2018 -9.24834e-15)
(-143.128 -84.53 2.09735e-15)
(-141.973 -82.8486 -3.00055e-16)
(-140.744 -81.1562 -2.83663e-15)
(-139.434 -79.4507 -1.36759e-15)
(-138.036 -77.7297 -5.53504e-15)
(-136.541 -75.9908 -6.83831e-15)
(-134.941 -74.2309 -2.4853e-15)
(-133.225 -72.445 -4.09932e-16)
(-131.379 -70.6307 -5.68102e-15)
(-129.376 -68.7892 1.71317e-15)
(-127.225 -66.8877 -5.84079e-16)
(-124.922 -65.0065 -2.02388e-15)
(-122.38 -63.1246 -1.28047e-15)
(-119.579 -61.1234 -4.0115e-15)
(-116.461 -58.918 -4.06663e-16)
(-112.909 -56.7829 -1.34807e-15)
(-109.463 -54.8814 1.10273e-15)
(-106.416 -53.308 -6.34646e-15)
(-103.622 -51.8834 -7.35451e-15)
(-101.017 -50.5616 -6.0225e-15)
(-98.5628 -49.323 -6.9754e-15)
(-96.2391 -48.1536 -6.09326e-15)
(-94.0295 -47.0432 -6.65516e-15)
(-91.9222 -45.9844 -1.14262e-14)
(-89.9079 -44.9717 -1.09821e-14)
(-87.979 -44.0008 -1.03699e-14)
(-86.1291 -43.0681 -1.60677e-14)
(-84.3531 -42.171 -1.16991e-14)
(-82.6463 -41.3071 -1.16676e-14)
(-81.0046 -40.4742 -1.53133e-14)
(-79.4246 -39.6709 -1.68603e-14)
(-77.9029 -38.8954 -1.93745e-14)
(-76.4367 -38.1467 -1.4219e-14)
(-75.0232 -37.4235 -1.34451e-14)
(-73.6599 -36.7248 -1.31197e-14)
(-72.3447 -36.0497 -2.02478e-14)
(-71.0753 -35.3975 -2.08154e-14)
(-69.85 -34.7675 -1.51369e-14)
(-68.6669 -34.1588 -1.55662e-14)
(-67.5246 -33.5708 -1.41722e-14)
(-66.4216 -33.0029 -1.46385e-14)
(-65.3567 -32.4544 -1.93645e-14)
(-64.3289 -31.9244 -2.1793e-14)
(-63.3372 -31.412 -2.08919e-14)
(-62.3809 -30.9162 -1.97135e-14)
(-61.4593 -30.4359 -2.38655e-14)
(-60.5714 -29.9696 -2.57027e-14)
(-59.7165 -29.5159 -2.34945e-14)
(-58.8934 -29.073 -2.34131e-14)
(-58.1007 -28.6391 -2.33397e-14)
(-57.3364 -28.2124 -2.23773e-14)
(-56.5979 -27.7912 -2.91301e-14)
(-55.882 -27.3741 -2.65019e-14)
(-55.185 -26.96 -2.56844e-14)
(-54.5021 -26.5486 -2.79591e-14)
(-53.8283 -26.1403 -3.03166e-14)
(-53.1585 -25.7361 -2.95761e-14)
(-52.488 -25.3374 -3.30169e-14)
(-51.8098 -24.9497 -2.9005e-14)
(-51.1211 -24.5792 -2.57623e-14)
(-50.4212 -24.2284 -3.04992e-14)
(-49.7086 -23.903 -2.92108e-14)
(-48.9856 -23.6116 -3.14139e-14)
(-48.2584 -23.358 -3.70786e-14)
(-47.5365 -23.1456 -3.26444e-14)
(-46.8272 -22.9795 -3.27253e-14)
(-46.1459 -22.8634 -2.41974e-14)
(-45.5069 -22.796 -3.3887e-14)
(-44.9271 -22.7758 -2.62907e-14)
(-44.4326 -22.7915 -3.21927e-14)
(-44.0552 -22.8128 -3.76528e-14)
(-43.7938 -22.8274 -3.13911e-14)
(-43.6283 -22.8447 -3.68613e-14)
(-43.5766 -22.8417 -4.0364e-14)
(-43.6565 -22.7798 -4.23815e-14)
(-43.8496 -22.6497 -3.40476e-14)
(-44.1349 -22.4278 -3.48737e-14)
(-44.4847 -22.0953 -3.22327e-14)
(-44.8505 -21.6821 -4.22174e-14)
(-45.1382 -21.1384 -3.04197e-14)
(-45.4671 -20.4941 -3.29299e-14)
(-45.6755 -19.7236 -3.35408e-14)
(-45.7228 -18.8632 -3.29454e-14)
(-45.5801 -17.9422 -3.61892e-14)
(-45.2172 -16.9945 -3.55381e-14)
(-44.6151 -16.0596 -3.30101e-14)
(-43.7687 -15.1811 -3.60592e-14)
(-42.6881 -14.4022 -3.65818e-14)
(-41.3983 -13.7618 -3.06746e-14)
(-39.9372 -13.2907 -3.59032e-14)
(-38.3538 -13.0079 -3.90514e-14)
(-36.7037 -12.9193 -3.34681e-14)
(-35.0449 -13.0176 -3.23736e-14)
(-33.433 -13.2841 -3.80105e-14)
(-31.9172 -13.6921 -3.35419e-14)
(-30.5388 -14.2112 -3.50104e-14)
(-29.3233 -14.8219 -3.74084e-14)
(-28.3085 -15.4862 -3.66529e-14)
(-27.4344 -16.1675 -3.60365e-14)
(-26.7628 -16.9094 -3.1427e-14)
(-26.2786 -17.6634 -3.45894e-14)
(-25.9925 -18.3784 -3.13253e-14)
(-25.8916 -19.0419 -2.7622e-14)
(-25.96 -19.6441 -3.52104e-14)
(-26.1669 -20.1678 -3.23004e-14)
(-26.4803 -20.6037 -3.36927e-14)
(-26.8617 -20.9503 -3.90116e-14)
(-27.2685 -21.2134 -4.52982e-14)
(-27.6586 -21.4066 -4.56268e-14)
(-27.9943 -21.5494 -4.20368e-14)
(-28.2458 -21.6661 -3.76577e-14)
(-28.3911 -21.7849 -3.99608e-14)
(-28.4197 -21.9356 -4.67192e-14)
(-28.3417 -22.1386 -4.28862e-14)
(-28.1808 -22.4137 -4.06731e-14)
(-27.9682 -22.7782 -4.56195e-14)
(-27.7405 -23.244 -4.94167e-14)
(-27.5427 -23.8154 -4.74687e-14)
(-27.4244 -24.4944 -5.09239e-14)
(-27.4389 -25.2758 -4.24158e-14)
)
;
    }
    inlet
    {
        type            calculated;
        value           uniform (0 0 0);
    }
    rWedge
    {
        type            wedge;
    }
    lWedge
    {
        type            wedge;
    }
    outlet
    {
        type            calculated;
        value           nonuniform 0();
    }
    procBoundary2to0
    {
        type            processor;
        value           uniform (0 0 0);
    }
    procBoundary2to1
    {
        type            processor;
        value           uniform (0 0 0);
    }
    procBoundary2to3
    {
        type            processor;
        value           uniform (0 0 0);
    }
}


// ************************************************************************* //
