/*--------------------------------*- C++ -*----------------------------------*\
| =========                 |                                                 |
| \\      /  F ield         | OpenFOAM: The Open Source CFD Toolbox           |
|  \\    /   O peration     | Version:  v1706                                 |
|   \\  /    A nd           | Web:      www.OpenFOAM.com                      |
|    \\/     M anipulation  |                                                 |
\*---------------------------------------------------------------------------*/
FoamFile
{
    version     2.0;
    format      ascii;
    class       volVectorField;
    location    "4e-06";
    object      wallShearStress;
}
// * * * * * * * * * * * * * * * * * * * * * * * * * * * * * * * * * * * * * //

dimensions      [1 -1 -2 0 0 0 0];


internalField   uniform (0 0 0);

boundaryField
{
    cone
    {
        type            calculated;
        value           nonuniform List<vector> 
147
(
(10.7415 -4.8739 -4.58994e-11)
(10.5798 -7.73352 -6.90033e-11)
(10.433 -10.7733 -8.68026e-11)
(10.5516 -13.7909 -9.51326e-11)
(11.9063 -16.7752 -9.62709e-11)
(12.7095 -19.7113 -9.2964e-11)
(13.1547 -22.7668 -8.75842e-11)
(13.3432 -25.7422 -8.05495e-11)
(13.3505 -28.7613 -7.35225e-11)
(13.2363 -31.7224 -6.58868e-11)
(13.0153 -34.708 -5.92691e-11)
(12.7237 -37.6459 -5.29008e-11)
(12.3596 -40.59 -4.71445e-11)
(11.9441 -43.4979 -4.17534e-11)
(11.467 -46.392 -3.70374e-11)
(10.9491 -49.2599 -3.28877e-11)
(10.3907 -52.109 -2.93443e-11)
(9.79286 -54.9328 -2.62432e-11)
(9.15757 -57.733 -2.35187e-11)
(8.48686 -60.5069 -2.1169e-11)
(7.78151 -63.2555 -1.91147e-11)
(7.04281 -65.9771 -1.73124e-11)
(6.27167 -68.6713 -1.56508e-11)
(5.46923 -71.3371 -1.43785e-11)
(4.63669 -73.9732 -1.3081e-11)
(3.77527 -76.5786 -1.2043e-11)
(2.88615 -79.1524 -1.10633e-11)
(1.9705 -81.6938 -1.02925e-11)
(1.02926 -84.2021 -9.53614e-12)
(0.0634003 -86.6765 -8.85826e-12)
(-0.925064 -89.1135 -8.29359e-12)
(-1.93804 -91.517 -7.73756e-12)
(-2.97337 -93.8858 -7.21851e-12)
(-4.03 -96.2189 -6.83273e-12)
(-5.10725 -98.5156 -6.42193e-12)
(-6.20431 -100.775 -6.11054e-12)
(-7.32018 -102.997 -5.81616e-12)
(-8.45403 -105.181 -5.43587e-12)
(-9.60505 -107.327 -5.14866e-12)
(-10.7723 -109.434 -4.83235e-12)
(-11.955 -111.502 -4.6072e-12)
(-13.1522 -113.531 -4.51218e-12)
(-14.3631 -115.521 -4.33082e-12)
(-15.5869 -117.471 -4.05498e-12)
(-16.8226 -119.382 -3.86809e-12)
(-18.0694 -121.254 -3.7305e-12)
(-19.3264 -123.086 -3.62762e-12)
(-20.5926 -124.879 -3.47417e-12)
(-21.8657 -126.631 -3.31076e-12)
(-23.1477 -128.345 -3.14001e-12)
(-24.4362 -130.021 -3.0561e-12)
(-25.7304 -131.659 -2.94233e-12)
(-27.0297 -133.259 -2.848e-12)
(-28.3335 -134.823 -2.73951e-12)
(-29.6415 -136.351 -2.64557e-12)
(-30.9532 -137.843 -2.55286e-12)
(-32.2685 -139.3 -2.50256e-12)
(-33.5872 -140.722 -2.36929e-12)
(-34.9089 -142.111 -2.34859e-12)
(-36.2336 -143.467 -2.24748e-12)
(-37.5608 -144.791 -2.16508e-12)
(-38.8903 -146.084 -2.12143e-12)
(-40.2216 -147.345 -2.12052e-12)
(-41.5543 -148.577 -2.08638e-12)
(-42.8883 -149.78 -1.97179e-12)
(-44.2235 -150.955 -1.88652e-12)
(-45.5596 -152.102 -1.85086e-12)
(-46.8967 -153.224 -1.75108e-12)
(-48.2346 -154.321 -1.73155e-12)
(-49.5739 -155.394 -1.63508e-12)
(-50.9148 -156.444 -1.68238e-12)
(-52.2574 -157.473 -1.68159e-12)
(-53.6023 -158.482 -1.6704e-12)
(-54.9497 -159.471 -1.52461e-12)
(-56.2997 -160.444 -1.53099e-12)
(-57.6534 -161.399 -1.46198e-12)
(-59.0113 -162.34 -1.41722e-12)
(-60.3736 -163.268 -1.38055e-12)
(-61.742 -164.183 -1.37327e-12)
(-63.117 -165.088 -1.33039e-12)
(-64.4996 -165.985 -1.30378e-12)
(-65.8903 -166.874 -1.30521e-12)
(-67.2901 -167.755 -1.26554e-12)
(-68.7004 -168.632 -1.26302e-12)
(-70.1227 -169.506 -1.1858e-12)
(-71.5582 -170.378 -1.18758e-12)
(-73.0078 -171.25 -1.15944e-12)
(-74.4733 -172.123 -1.16548e-12)
(-75.9557 -172.999 -1.13584e-12)
(-77.4567 -173.879 -1.14691e-12)
(-78.9777 -174.767 -1.11385e-12)
(-80.5184 -175.661 -1.0955e-12)
(-82.0796 -176.566 -1.05326e-12)
(-83.6636 -177.481 -1.02938e-12)
(-85.273 -178.407 -9.92484e-13)
(-86.9134 -179.342 -1.01595e-12)
(-88.5883 -180.287 -9.84409e-13)
(-90.2982 -181.245 -9.95952e-13)
(-92.0437 -182.219 -9.89406e-13)
(-93.8261 -183.21 -9.54928e-13)
(-95.6484 -184.221 -9.50986e-13)
(-97.5123 -185.253 -9.20538e-13)
(-99.4204 -186.306 -9.66211e-13)
(-101.375 -187.383 -9.05343e-13)
(-103.379 -188.483 -8.77988e-13)
(-105.435 -189.608 -9.017e-13)
(-107.546 -190.761 -8.97832e-13)
(-109.715 -191.941 -8.60451e-13)
(-111.946 -193.15 -9.00846e-13)
(-114.242 -194.389 -8.82105e-13)
(-116.605 -195.658 -8.38143e-13)
(-119.038 -196.958 -8.37691e-13)
(-121.543 -198.291 -8.70853e-13)
(-124.125 -199.659 -8.43616e-13)
(-126.788 -201.061 -8.57771e-13)
(-129.537 -202.499 -8.18491e-13)
(-132.375 -203.972 -8.37917e-13)
(-135.303 -205.481 -7.8191e-13)
(-138.323 -207.029 -7.5642e-13)
(-141.435 -208.618 -7.82992e-13)
(-144.646 -210.25 -7.70289e-13)
(-147.966 -211.925 -7.70893e-13)
(-151.401 -213.642 -7.8857e-13)
(-154.954 -215.403 -7.70556e-13)
(-158.63 -217.208 -7.40293e-13)
(-162.43 -219.055 -7.69647e-13)
(-166.36 -220.949 -7.5159e-13)
(-170.424 -222.887 -7.34941e-13)
(-174.63 -224.871 -7.22481e-13)
(-178.981 -226.9 -6.98454e-13)
(-183.483 -228.976 -7.34378e-13)
(-188.142 -231.098 -6.9841e-13)
(-192.964 -233.267 -7.08384e-13)
(-197.954 -235.482 -6.73836e-13)
(-203.12 -237.745 -6.79913e-13)
(-208.469 -240.052 -6.68285e-13)
(-214.005 -242.407 -6.93512e-13)
(-219.738 -244.808 -6.77865e-13)
(-225.678 -247.254 -6.72123e-13)
(-231.831 -249.747 -6.75125e-13)
(-238.204 -252.285 -6.90033e-13)
(-244.805 -254.865 -6.92624e-13)
(-251.641 -257.482 -6.89221e-13)
(-258.715 -260.133 -6.8651e-13)
(-266.032 -262.816 -6.67344e-13)
(-273.603 -265.533 -6.78439e-13)
(10.6679 -2.89849 -2.41966e-11)
)
;
    }
    inlet
    {
        type            calculated;
        value           uniform (0 0 0);
    }
    rWedge
    {
        type            wedge;
    }
    lWedge
    {
        type            wedge;
    }
    outlet
    {
        type            calculated;
        value           nonuniform 0();
    }
    procBoundary3to2
    {
        type            processor;
        value           uniform (0 0 0);
    }
}


// ************************************************************************* //
