/*--------------------------------*- C++ -*----------------------------------*\
| =========                 |                                                 |
| \\      /  F ield         | OpenFOAM: The Open Source CFD Toolbox           |
|  \\    /   O peration     | Version:  v1706                                 |
|   \\  /    A nd           | Web:      www.OpenFOAM.com                      |
|    \\/     M anipulation  |                                                 |
\*---------------------------------------------------------------------------*/
FoamFile
{
    version     2.0;
    format      ascii;
    class       volVectorField;
    location    "8e-06";
    object      wallShearStress;
}
// * * * * * * * * * * * * * * * * * * * * * * * * * * * * * * * * * * * * * //

dimensions      [1 -1 -2 0 0 0 0];


internalField   uniform (0 0 0);

boundaryField
{
    cone
    {
        type            calculated;
        value           nonuniform List<vector> 
147
(
(4.91193 -4.18417 -1.23647e-12)
(4.87944 -6.36434 -2.04912e-12)
(4.77898 -8.82219 -4.07358e-12)
(4.6663 -11.2694 -5.13236e-12)
(4.51681 -13.7486 -6.28866e-12)
(4.34145 -16.2033 -7.0362e-12)
(4.13325 -18.6744 -7.77348e-12)
(3.8993 -21.1191 -8.56194e-12)
(3.633 -23.5738 -9.20444e-12)
(3.34123 -26.004 -9.63753e-12)
(3.0178 -28.4378 -1.01513e-11)
(2.66883 -30.8499 -1.05813e-11)
(2.28919 -33.2601 -1.09225e-11)
(1.88376 -35.6513 -1.10956e-11)
(1.44882 -38.0357 -1.11885e-11)
(0.987835 -40.403 -1.12506e-11)
(0.498474 -42.7598 -1.12115e-11)
(-0.0169984 -45.1003 -1.12166e-11)
(-0.560996 -47.4268 -1.1126e-11)
(-1.13495 -49.7344 -1.10006e-11)
(-1.73113 -52.0281 -1.0856e-11)
(-2.35294 -54.3053 -1.06473e-11)
(-3.00034 -56.5652 -1.0338e-11)
(-3.67286 -58.8069 -1.01449e-11)
(-4.37027 -61.0299 -9.82866e-12)
(-5.09221 -63.2333 -9.53164e-12)
(-5.83833 -65.4163 -9.18277e-12)
(-6.60815 -67.5784 -8.89475e-12)
(-7.40131 -69.7188 -8.56981e-12)
(-8.21738 -71.837 -8.2445e-12)
(-9.05598 -73.9321 -7.92367e-12)
(-9.91662 -76.0036 -7.59008e-12)
(-10.7989 -78.0508 -7.25123e-12)
(-11.7022 -80.0728 -6.9606e-12)
(-12.6264 -82.0679 -6.63511e-12)
(-13.5706 -84.0369 -6.35933e-12)
(-14.5345 -85.9801 -6.07948e-12)
(-15.5175 -87.8959 -5.75887e-12)
(-16.5192 -89.7839 -5.46634e-12)
(-17.539 -91.6433 -5.16763e-12)
(-18.5763 -93.4736 -4.92458e-12)
(-19.6306 -95.2744 -4.75205e-12)
(-20.7015 -97.045 -4.52255e-12)
(-21.7883 -98.7849 -4.25517e-12)
(-22.8903 -100.494 -4.03108e-12)
(-24.0071 -102.171 -3.839e-12)
(-25.1381 -103.816 -3.67035e-12)
(-26.2827 -105.429 -3.47658e-12)
(-27.4402 -107.008 -3.30183e-12)
(-28.6102 -108.555 -3.10635e-12)
(-29.7918 -110.067 -2.96791e-12)
(-30.9844 -111.545 -2.81486e-12)
(-32.1873 -112.988 -2.68317e-12)
(-33.4005 -114.397 -2.5406e-12)
(-34.623 -115.77 -2.40972e-12)
(-35.8542 -117.109 -2.29633e-12)
(-37.0934 -118.411 -2.20217e-12)
(-38.34 -119.678 -2.06115e-12)
(-39.5933 -120.908 -1.98745e-12)
(-40.8528 -122.101 -1.87118e-12)
(-42.1177 -123.258 -1.77273e-12)
(-43.3874 -124.378 -1.70119e-12)
(-44.6614 -125.461 -1.66677e-12)
(-45.9388 -126.506 -1.60356e-12)
(-47.2192 -127.514 -1.50812e-12)
(-48.5018 -128.484 -1.42481e-12)
(-49.786 -129.416 -1.36409e-12)
(-51.0712 -130.31 -1.28113e-12)
(-52.3567 -131.166 -1.23574e-12)
(-53.6421 -131.985 -1.14413e-12)
(-54.9263 -132.765 -1.1418e-12)
(-56.2091 -133.506 -1.11831e-12)
(-57.4898 -134.21 -1.08711e-12)
(-58.7677 -134.875 -9.92985e-13)
(-60.0422 -135.502 -9.75971e-13)
(-61.3126 -136.091 -9.05353e-13)
(-62.5785 -136.642 -8.6736e-13)
(-63.8391 -137.155 -8.25862e-13)
(-65.094 -137.629 -8.05154e-13)
(-66.3425 -138.066 -7.6153e-13)
(-67.5841 -138.464 -7.34468e-13)
(-68.8181 -138.825 -7.18731e-13)
(-70.044 -139.149 -6.86076e-13)
(-71.2613 -139.435 -6.69551e-13)
(-72.4694 -139.683 -6.15658e-13)
(-73.6678 -139.894 -6.07438e-13)
(-74.8559 -140.068 -5.80386e-13)
(-76.0326 -140.205 -5.70567e-13)
(-77.1982 -140.305 -5.49324e-13)
(-78.3522 -140.37 -5.46886e-13)
(-79.4938 -140.398 -5.17915e-13)
(-80.6229 -140.39 -5.00884e-13)
(-81.7374 -140.346 -4.77684e-13)
(-82.8385 -140.266 -4.56873e-13)
(-83.9251 -140.152 -4.31227e-13)
(-84.997 -140.002 -4.33331e-13)
(-86.0535 -139.818 -4.05853e-13)
(-87.0942 -139.6 -4.10098e-13)
(-88.1178 -139.347 -3.98626e-13)
(-89.1227 -139.061 -3.81014e-13)
(-90.1136 -138.741 -3.73768e-13)
(-91.0866 -138.387 -3.55176e-13)
(-92.0413 -138 -3.7762e-13)
(-92.9773 -137.581 -3.38927e-13)
(-93.8943 -137.129 -3.21971e-13)
(-94.7923 -136.646 -3.35743e-13)
(-95.6715 -136.131 -3.29615e-13)
(-96.5296 -135.586 -3.08492e-13)
(-97.3661 -135.011 -3.24874e-13)
(-98.1826 -134.405 -3.10579e-13)
(-98.9791 -133.77 -2.88999e-13)
(-99.7523 -133.104 -2.86683e-13)
(-100.504 -132.41 -3.01062e-13)
(-101.233 -131.687 -2.79688e-13)
(-101.939 -130.935 -2.83107e-13)
(-102.623 -130.156 -2.63069e-13)
(-103.282 -129.351 -2.67774e-13)
(-103.918 -128.518 -2.38719e-13)
(-104.526 -127.664 -2.27552e-13)
(-105.105 -126.792 -2.39667e-13)
(-105.665 -125.889 -2.3311e-13)
(-106.201 -124.953 -2.30619e-13)
(-106.709 -123.993 -2.38428e-13)
(-107.191 -123.009 -2.23894e-13)
(-107.647 -122.003 -2.07544e-13)
(-108.076 -120.975 -2.18388e-13)
(-108.477 -119.925 -2.0738e-13)
(-108.851 -118.854 -1.96737e-13)
(-109.197 -117.763 -1.92065e-13)
(-109.515 -116.653 -1.83187e-13)
(-109.804 -115.524 -1.91678e-13)
(-110.064 -114.377 -1.74574e-13)
(-110.295 -113.213 -1.79504e-13)
(-110.497 -112.033 -1.64156e-13)
(-110.669 -110.837 -1.6473e-13)
(-110.812 -109.627 -1.57362e-13)
(-110.924 -108.403 -1.65326e-13)
(-111.007 -107.167 -1.57012e-13)
(-111.06 -105.92 -1.54845e-13)
(-111.082 -104.663 -1.56291e-13)
(-111.075 -103.396 -1.60071e-13)
(-111.038 -102.122 -1.56009e-13)
(-110.971 -100.841 -1.55523e-13)
(-110.875 -99.5539 -1.52543e-13)
(-110.749 -98.2631 -1.43907e-13)
(-110.595 -96.9693 -1.45628e-13)
(4.70872 -2.2968 -2.3092e-13)
)
;
    }
    inlet
    {
        type            calculated;
        value           uniform (0 0 0);
    }
    rWedge
    {
        type            wedge;
    }
    lWedge
    {
        type            wedge;
    }
    outlet
    {
        type            calculated;
        value           nonuniform 0();
    }
    procBoundary3to2
    {
        type            processor;
        value           uniform (0 0 0);
    }
}


// ************************************************************************* //
