/*--------------------------------*- C++ -*----------------------------------*\
| =========                 |                                                 |
| \\      /  F ield         | OpenFOAM: The Open Source CFD Toolbox           |
|  \\    /   O peration     | Version:  v1706                                 |
|   \\  /    A nd           | Web:      www.OpenFOAM.com                      |
|    \\/     M anipulation  |                                                 |
\*---------------------------------------------------------------------------*/
FoamFile
{
    version     2.0;
    format      ascii;
    class       volVectorField;
    location    "6e-06";
    object      wallShearStress;
}
// * * * * * * * * * * * * * * * * * * * * * * * * * * * * * * * * * * * * * //

dimensions      [1 -1 -2 0 0 0 0];


internalField   uniform (0 0 0);

boundaryField
{
    cone
    {
        type            calculated;
        value           nonuniform List<vector> 
153
(
(-49.9257 -58.1528 -1.41288e-13)
(-49.0689 -58.4074 -1.31829e-13)
(-48.2674 -58.7379 -1.32185e-13)
(-47.5223 -59.1429 -1.36988e-13)
(-46.8237 -59.6035 -1.29928e-13)
(-46.1933 -60.1235 -1.26562e-13)
(-45.6332 -60.6987 -1.35814e-13)
(-45.1541 -61.3522 -1.2977e-13)
(-44.7946 -62.0859 -1.29581e-13)
(-44.5333 -62.8732 -1.31336e-13)
(-44.3791 -63.7127 -1.34747e-13)
(-44.3279 -64.5787 -1.33481e-13)
(-44.3926 -65.4769 -1.4125e-13)
(-44.5866 -66.4101 -1.37474e-13)
(-44.9141 -67.3733 -1.31961e-13)
(-45.3802 -68.3607 -1.33705e-13)
(-45.9907 -69.3662 -1.43347e-13)
(-46.7518 -70.3822 -1.34076e-13)
(-47.6661 -71.403 -1.37489e-13)
(-48.7433 -72.4178 -1.41783e-13)
(-49.9872 -73.417 -1.38935e-13)
(-51.4018 -74.3883 -1.41984e-13)
(-52.9901 -75.3208 -1.32586e-13)
(-54.7575 -76.2005 -1.34491e-13)
(-56.7069 -77.0086 -1.38129e-13)
(-58.8372 -77.7265 -1.32308e-13)
(-61.1472 -78.3343 -1.45856e-13)
(-63.6326 -78.8078 -1.48366e-13)
(-66.2841 -79.1208 -1.40503e-13)
(-69.0883 -79.2447 -1.42021e-13)
(-72.0269 -79.1472 -1.56198e-13)
(-75.075 -78.7913 -1.47475e-13)
(-78.2017 -78.1405 -1.57365e-13)
(-81.3185 -77.1735 -1.43553e-13)
(-84.3761 -75.862 -1.44601e-13)
(-87.3077 -74.2007 -1.48501e-13)
(-90.031 -72.1892 -1.45542e-13)
(-92.4992 -69.8099 -1.52601e-13)
(-94.6927 -67.1217 -1.57315e-13)
(-96.4741 -64.088 -1.5311e-13)
(-97.7402 -60.8166 -1.44602e-13)
(-98.4356 -57.3553 -1.50021e-13)
(-98.476 -53.7197 -1.36766e-13)
(-97.8867 -50.0258 -1.39234e-13)
(-96.6715 -46.3864 -1.39355e-13)
(-94.8215 -42.8804 -1.36319e-13)
(-92.3832 -39.5622 -1.38992e-13)
(-89.2903 -36.4847 -1.28539e-13)
(-85.454 -33.69 -1.25219e-13)
(-81.4061 -31.5317 -1.17732e-13)
(-77.4753 -29.9965 -1.25106e-13)
(-73.5502 -28.9063 -1.23351e-13)
(-69.6564 -28.2077 -1.1755e-13)
(-65.8389 -27.8481 -1.16441e-13)
(-62.1449 -27.7745 -1.13943e-13)
(-58.6128 -27.9356 -1.11195e-13)
(-55.2704 -28.2862 -1.15592e-13)
(-52.1346 -28.7912 -1.11575e-13)
(-49.2159 -29.4256 -1.07899e-13)
(-46.5171 -30.1747 -1.13459e-13)
(-44.081 -31.0041 -1.05507e-13)
(-41.8566 -31.8561 -1.03752e-13)
(-39.8653 -32.7623 -1.07263e-13)
(-38.1034 -33.7171 -1.07625e-13)
(-36.5459 -34.704 -1.10573e-13)
(-35.1829 -35.7269 -1.02064e-13)
(-34.0073 -36.7882 -9.93013e-14)
(-33.0159 -37.8881 -9.68586e-14)
(-32.2082 -39.0261 -1.06245e-13)
(-31.5872 -40.1959 -1.07075e-13)
(-31.1553 -41.3956 -9.948e-14)
(-30.9127 -42.628 -1.0071e-13)
(-30.8649 -43.8937 -9.76319e-14)
(-31.0121 -45.1915 -9.68008e-14)
(-31.3613 -46.5247 -1.04266e-13)
(-31.9168 -47.8937 -1.08841e-13)
(-32.6851 -49.2994 -1.0856e-13)
(-33.6732 -50.7423 -1.05898e-13)
(-34.8889 -52.2217 -1.1151e-13)
(-36.3406 -53.7363 -1.16256e-13)
(-38.0365 -55.2833 -1.134e-13)
(-39.9848 -56.8586 -1.14676e-13)
(-42.1931 -58.4561 -1.15333e-13)
(-44.6679 -60.0685 -1.12824e-13)
(-47.4142 -61.6859 -1.29675e-13)
(-50.4354 -63.2963 -1.24622e-13)
(-53.7323 -64.8845 -1.19346e-13)
(-57.3017 -66.4327 -1.25605e-13)
(-61.1356 -67.9203 -1.31183e-13)
(-65.2205 -69.3264 -1.29457e-13)
(-69.5429 -70.6277 -1.39453e-13)
(-74.1034 -71.7817 -1.35043e-13)
(-78.9244 -72.6781 -1.30524e-13)
(-83.9827 -73.1004 -1.42642e-13)
(-89.0159 -72.8401 -1.39143e-13)
(-93.4083 -72.0074 -1.48889e-13)
(-96.6039 -71.07 -1.6661e-13)
(-98.701 -70.2754 -1.55523e-13)
(-100.201 -69.3938 -1.57131e-13)
(-101.297 -68.1784 -1.37939e-13)
(-101.786 -66.6794 -1.64254e-13)
(-101.515 -65.091 -1.40276e-13)
(-100.54 -63.5563 -1.59399e-13)
(-99.0003 -62.0421 -1.81263e-13)
(-97.163 -60.5945 -1.58404e-13)
(-95.2027 -59.1568 -1.79022e-13)
(-93.2158 -57.6737 -1.91862e-13)
(-91.2243 -56.1159 -2.00532e-13)
(-89.1987 -54.4835 -1.74923e-13)
(-87.0947 -52.7996 -1.7888e-13)
(-84.8844 -51.0989 -1.68491e-13)
(-82.5741 -49.4143 -2.01001e-13)
(-80.2006 -47.7677 -1.67413e-13)
(-77.8069 -46.1814 -1.73484e-13)
(-75.4381 -44.6782 -1.7394e-13)
(-73.1519 -43.259 -1.72032e-13)
(-70.9968 -41.9134 -1.80621e-13)
(-68.9939 -40.6335 -1.79935e-13)
(-67.145 -39.4139 -1.72095e-13)
(-65.4417 -38.2516 -1.77485e-13)
(-63.8721 -37.1442 -1.79541e-13)
(-62.4242 -36.0898 -1.62448e-13)
(-61.0858 -35.0867 -1.78316e-13)
(-59.8462 -34.1335 -1.84369e-13)
(-58.6965 -33.2286 -1.6666e-13)
(-57.6285 -32.3703 -1.6034e-13)
(-56.6352 -31.5568 -1.72631e-13)
(-55.7103 -30.7865 -1.58664e-13)
(-54.848 -30.058 -1.59965e-13)
(-54.0436 -29.3698 -1.65389e-13)
(-53.2928 -28.7204 -1.61755e-13)
(-52.5918 -28.1083 -1.58903e-13)
(-51.9366 -27.5322 -1.43667e-13)
(-51.3235 -26.9908 -1.52637e-13)
(-50.7491 -26.483 -1.43384e-13)
(-50.2101 -26.008 -1.31177e-13)
(-49.7036 -25.5646 -1.5031e-13)
(-49.2271 -25.1522 -1.38117e-13)
(-48.7783 -24.77 -1.39959e-13)
(-48.3548 -24.4172 -1.49161e-13)
(-47.955 -24.0934 -1.57671e-13)
(-47.577 -23.7978 -1.52143e-13)
(-47.2198 -23.5303 -1.39414e-13)
(-46.8833 -23.2911 -1.27884e-13)
(-46.5664 -23.0799 -1.31486e-13)
(-46.2691 -22.8967 -1.44947e-13)
(-45.9912 -22.7398 -1.32353e-13)
(-45.7326 -22.6072 -1.25738e-13)
(-45.4919 -22.4991 -1.34355e-13)
(-45.2686 -22.4171 -1.40613e-13)
(-45.0633 -22.361 -1.31236e-13)
(-44.8774 -22.33 -1.37467e-13)
(-44.7118 -22.3232 -1.16389e-13)
)
;
    }
    inlet
    {
        type            calculated;
        value           uniform (0 0 0);
    }
    rWedge
    {
        type            wedge;
    }
    lWedge
    {
        type            wedge;
    }
    outlet
    {
        type            calculated;
        value           nonuniform 0();
    }
    procBoundary2to0
    {
        type            processor;
        value           uniform (0 0 0);
    }
    procBoundary2to1
    {
        type            processor;
        value           uniform (0 0 0);
    }
    procBoundary2to3
    {
        type            processor;
        value           uniform (0 0 0);
    }
}


// ************************************************************************* //
