/*--------------------------------*- C++ -*----------------------------------*\
| =========                 |                                                 |
| \\      /  F ield         | OpenFOAM: The Open Source CFD Toolbox           |
|  \\    /   O peration     | Version:  v1706                                 |
|   \\  /    A nd           | Web:      www.OpenFOAM.com                      |
|    \\/     M anipulation  |                                                 |
\*---------------------------------------------------------------------------*/
FoamFile
{
    version     2.0;
    format      ascii;
    class       volVectorField;
    location    "1e-05";
    object      wallShearStress;
}
// * * * * * * * * * * * * * * * * * * * * * * * * * * * * * * * * * * * * * //

dimensions      [1 -1 -2 0 0 0 0];


internalField   uniform (0 0 0);

boundaryField
{
    cone
    {
        type            calculated;
        value           nonuniform List<vector> 
181
(
(-0.300301 -1.63644 -1.7404e-14)
(0.782861 -2.55185 -1.6307e-14)
(1.69902 -3.36297 -1.60641e-14)
(2.49506 -4.06909 -1.74271e-14)
(3.18266 -4.69055 -1.71579e-14)
(3.76701 -5.25258 -1.76514e-14)
(4.27594 -5.76102 -1.80086e-14)
(4.72076 -6.22564 -1.88721e-14)
(5.11065 -6.6545 -1.90193e-14)
(5.45374 -7.05419 -1.81516e-14)
(5.75701 -7.43047 -1.90808e-14)
(6.02593 -7.78837 -1.89404e-14)
(6.26595 -8.1317 -2.00228e-14)
(6.48013 -8.46389 -2.00459e-14)
(6.67167 -8.78803 -1.98895e-14)
(6.84321 -9.10638 -1.94353e-14)
(6.99668 -9.42095 -2.08445e-14)
(7.13352 -9.73322 -2.10323e-14)
(7.25495 -10.0448 -2.1598e-14)
(7.36193 -10.357 -1.83667e-14)
(7.45506 -10.6709 -1.81874e-14)
(7.53477 -10.9875 -1.89035e-14)
(7.60125 -11.3077 -2.01192e-14)
(7.65456 -11.632 -1.94199e-14)
(7.69462 -11.9613 -2.03646e-14)
(7.72117 -12.2961 -2.00667e-14)
(7.73388 -12.637 -2.13986e-14)
(7.73226 -12.9844 -2.23227e-14)
(7.71571 -13.3389 -2.39876e-14)
(7.6835 -13.701 -2.61926e-14)
(7.63478 -14.071 -2.51524e-14)
(7.56854 -14.4493 -2.31924e-14)
(7.48363 -14.8363 -2.48424e-14)
(7.37872 -15.2322 -2.70075e-14)
(7.2523 -15.6374 -2.15353e-14)
(7.10265 -16.0518 -2.43037e-14)
(6.92782 -16.4756 -2.06506e-14)
(6.72558 -16.9087 -2.5401e-14)
(6.49343 -17.3508 -2.75991e-14)
(6.22854 -17.8013 -3.25208e-14)
(5.92769 -18.2596 -2.70525e-14)
(5.58728 -18.7244 -2.65711e-14)
(5.20323 -19.1941 -2.60241e-14)
(4.77094 -19.6667 -3.33842e-14)
(4.28526 -20.1392 -3.62294e-14)
(3.74036 -20.608 -3.22392e-14)
(3.12973 -21.0681 -3.5165e-14)
(2.44606 -21.5132 -2.91619e-14)
(1.68123 -21.9354 -3.61156e-14)
(0.826233 -22.3244 -3.26054e-14)
(-0.128807 -22.6674 -2.9935e-14)
(-1.19459 -22.9483 -3.19461e-14)
(-2.38251 -23.147 -3.77034e-14)
(-3.70436 -23.2388 -3.98932e-14)
(-5.17179 -23.1938 -4.6386e-14)
(-6.79548 -22.9763 -4.76049e-14)
(-8.58357 -22.545 -4.00408e-14)
(-10.5395 -21.8544 -4.03136e-14)
(-12.6585 -20.858 -4.05736e-14)
(-14.9234 -19.5144 -4.32122e-14)
(-17.3013 -17.7936 -4.62799e-14)
(-19.742 -15.6814 -4.64784e-14)
(-22.1912 -13.1678 -4.67146e-14)
(-24.4746 -10.2986 -4.48773e-14)
(-26.6296 -7.26407 -4.89565e-14)
(-28.385 -4.13109 -4.3256e-14)
(-29.6529 -1.14879 -4.271e-14)
(-30.3639 1.47771 -5.07209e-14)
(-30.4636 3.58761 -3.89151e-14)
(-29.9598 5.03503 -3.91306e-14)
(-28.9134 5.75377 -4.46383e-14)
(-27.4503 5.79434 -3.93231e-14)
(-25.7325 5.29752 -3.87872e-14)
(-23.9174 4.44141 -3.56229e-14)
(-22.1327 3.39895 -3.42018e-14)
(-20.4675 2.31256 -3.07184e-14)
(-18.9725 1.28337 -3.09025e-14)
(-17.6664 0.371449 -2.95738e-14)
(-16.5447 -0.397013 -2.45283e-14)
(-15.5889 -1.02026 -3.47435e-14)
(-14.7733 -1.51184 -3.57669e-14)
(-14.0705 -1.89319 -2.95272e-14)
(-13.4547 -2.18821 -3.1932e-14)
(-12.9036 -2.41981 -3.16579e-14)
(-12.3991 -2.60783 -2.97977e-14)
(-11.9275 -2.76826 -2.77898e-14)
(-11.4791 -2.91315 -2.60678e-14)
(-11.0472 -3.05096 -2.93557e-14)
(-10.6278 -3.1872 -2.9365e-14)
(-10.2187 -3.32512 -2.62375e-14)
(-9.8191 -3.46632 -3.10029e-14)
(-9.42874 -3.6113 -3.01037e-14)
(-9.04796 -3.75994 -3.32631e-14)
(-8.67729 -3.91176 -3.05411e-14)
(-8.31728 -4.06613 -3.19667e-14)
(-7.96851 -4.22234 -3.16319e-14)
(-7.63151 -4.37965 -2.97952e-14)
(-7.30665 -4.53748 -3.17197e-14)
(-6.9941 -4.6956 -2.67973e-14)
(-6.69341 -4.85493 -2.44691e-14)
(-6.40857 -5.01192 -2.81424e-14)
(-6.13313 -5.16492 -2.93839e-14)
(-5.87138 -5.31989 -2.6458e-14)
(-5.62199 -5.47367 -2.89401e-14)
(-5.38443 -5.62639 -2.36326e-14)
(-5.15833 -5.77859 -2.82531e-14)
(-4.94322 -5.93082 -2.13323e-14)
(-4.73863 -6.08372 -2.35671e-14)
(-4.54417 -6.238 -2.32207e-14)
(-4.35953 -6.39433 -2.50905e-14)
(-4.18451 -6.55336 -2.3128e-14)
(-4.01903 -6.71566 -2.49209e-14)
(-3.86307 -6.88169 -2.22524e-14)
(-3.71677 -7.05183 -1.84594e-14)
(-3.58032 -7.22634 -1.87616e-14)
(-3.45405 -7.40541 -1.79035e-14)
(-3.33837 -7.58905 -2.47226e-14)
(-3.23411 -7.7774 -1.52223e-14)
(-3.14182 -7.96989 -2.82948e-14)
(-3.06273 -8.16625 -2.57351e-14)
(-2.99783 -8.36598 -2.5152e-14)
(-2.9482 -8.56849 -2.7453e-14)
(-2.91487 -8.77311 -2.22899e-14)
(-2.89874 -8.97921 -2.47023e-14)
(-2.9006 -9.18619 -2.12994e-14)
(-2.92114 -9.3935 -3.04391e-14)
(-2.96104 -9.60052 -1.57863e-14)
(-3.02097 -9.80661 -2.87491e-14)
(-3.10168 -10.0109 -1.79964e-14)
(-3.20395 -10.2125 -3.36395e-14)
(-3.32858 -10.4102 -3.2547e-14)
(-3.4763 -10.6027 -2.36536e-14)
(-3.64777 -10.7885 -1.72428e-14)
(-3.84351 -10.9658 -2.61173e-14)
(-4.06387 -11.1328 -2.45611e-14)
(-4.30902 -11.2874 -2.47682e-14)
(-4.57885 -11.4271 -2.96633e-14)
(-4.87288 -11.5494 -3.06043e-14)
(-5.19013 -11.6517 -3.34636e-14)
(-5.52894 -11.7317 -2.16595e-14)
(-5.88686 -11.7869 -1.49568e-14)
(-6.2605 -11.8158 -2.88855e-14)
(-6.64551 -11.8174 -3.30382e-14)
(-7.03657 -11.7915 -3.33435e-14)
(-7.42748 -11.7391 -2.53277e-14)
(-7.8113 -11.662 -2.37768e-14)
(-8.18041 -11.5639 -2.28616e-14)
(-8.52681 -11.4494 -2.55006e-14)
(-8.84241 -11.3251 -3.77149e-14)
(-9.11943 -11.1988 -3.18887e-14)
(-9.35096 -11.0793 -2.84023e-14)
(-9.53177 -10.9763 -2.24888e-14)
(-9.65913 -10.8985 -1.79858e-14)
(-9.73353 -10.853 -2.90883e-14)
(-9.75926 -10.8433 -2.63468e-14)
(-9.74411 -10.8675 -2.39673e-14)
(-9.69479 -10.9262 -2.79615e-14)
(-9.61824 -11.0182 -3.60313e-14)
(-9.52343 -11.1394 -3.78482e-14)
(-9.41952 -11.2842 -3.24634e-14)
(-9.31485 -11.4467 -3.25011e-14)
(-9.21655 -11.6208 -2.64008e-14)
(-9.13028 -11.8011 -3.72884e-14)
(-9.06012 -11.9831 -4.18917e-14)
(-9.0086 -12.1632 -1.68623e-14)
(-8.97692 -12.339 -8.47875e-15)
(-8.96526 -12.5089 -3.06395e-14)
(-8.97291 -12.6723 -2.03979e-14)
(-8.99862 -12.829 -2.67055e-14)
(-9.04082 -12.9797 -4.1495e-15)
(-9.09778 -13.1251 -4.43612e-14)
(-9.16781 -13.2663 3.43177e-15)
(-9.24938 -13.4041 -1.16511e-11)
(-9.34122 -13.5397 -6.91073e-11)
(-9.44229 -13.6737 -2.39894e-10)
(-9.55189 -13.8067 -5.77243e-10)
(-9.66955 -13.9392 -1.02097e-09)
(-9.79503 -14.0712 -1.39201e-09)
(-9.92826 -14.2028 -1.52277e-09)
(-10.0693 -14.334 -1.38014e-09)
(-10.2181 -14.4644 -1.06286e-09)
)
;
    }
    inlet
    {
        type            calculated;
        value           uniform (0 0 0);
    }
    rWedge
    {
        type            wedge;
    }
    lWedge
    {
        type            wedge;
    }
    outlet
    {
        type            calculated;
        value           nonuniform 0();
    }
    procBoundary1to0
    {
        type            processor;
        value           uniform (0 0 0);
    }
    procBoundary1to2
    {
        type            processor;
        value           uniform (0 0 0);
    }
}


// ************************************************************************* //
