/*--------------------------------*- C++ -*----------------------------------*\
| =========                 |                                                 |
| \\      /  F ield         | OpenFOAM: The Open Source CFD Toolbox           |
|  \\    /   O peration     | Version:  v1706                                 |
|   \\  /    A nd           | Web:      www.OpenFOAM.com                      |
|    \\/     M anipulation  |                                                 |
\*---------------------------------------------------------------------------*/
FoamFile
{
    version     2.0;
    format      ascii;
    class       volVectorField;
    location    "7e-06";
    object      wallShearStress;
}
// * * * * * * * * * * * * * * * * * * * * * * * * * * * * * * * * * * * * * //

dimensions      [1 -1 -2 0 0 0 0];


internalField   uniform (0 0 0);

boundaryField
{
    cone
    {
        type            calculated;
        value           nonuniform List<vector> 
147
(
(2.38592 -3.68505 -2.82903e-12)
(2.40747 -5.63482 -4.05472e-12)
(2.34217 -7.8702 -6.71663e-12)
(2.25117 -10.0501 -8.31221e-12)
(2.11902 -12.2926 -9.90063e-12)
(1.96295 -14.4809 -1.1165e-11)
(1.77383 -16.7071 -1.23436e-11)
(1.56191 -18.8909 -1.35185e-11)
(1.31906 -21.0953 -1.45092e-11)
(1.05335 -23.2679 -1.50781e-11)
(0.75826 -25.448 -1.56559e-11)
(0.439936 -27.6041 -1.60442e-11)
(0.0936723 -29.7586 -1.6225e-11)
(-0.276191 -31.894 -1.61674e-11)
(-0.672651 -34.0219 -1.60114e-11)
(-1.09291 -36.1331 -1.57256e-11)
(-1.53863 -38.233 -1.54144e-11)
(-2.01087 -40.3157 -1.50373e-11)
(-2.50837 -42.3833 -1.45579e-11)
(-3.02698 -44.4364 -1.40966e-11)
(-3.56905 -46.4741 -1.35351e-11)
(-4.1343 -48.4948 -1.29665e-11)
(-4.72245 -50.4983 -1.23589e-11)
(-5.33315 -52.4837 -1.18274e-11)
(-5.96599 -54.4505 -1.12176e-11)
(-6.62068 -56.3978 -1.06515e-11)
(-7.29684 -58.325 -1.00736e-11)
(-7.99401 -60.2314 -9.56177e-12)
(-8.71176 -62.1164 -9.01661e-12)
(-9.44972 -63.9794 -8.50117e-12)
(-10.2074 -65.8195 -8.03778e-12)
(-10.9845 -67.6361 -7.5682e-12)
(-11.7802 -69.4269 -7.11041e-12)
(-12.5945 -71.1943 -6.70941e-12)
(-13.4265 -72.937 -6.29309e-12)
(-14.2759 -74.654 -5.97052e-12)
(-15.1421 -76.3447 -5.61652e-12)
(-16.0246 -78.0084 -5.25387e-12)
(-16.9229 -79.6447 -4.94569e-12)
(-17.8364 -81.2529 -4.62558e-12)
(-18.7646 -82.8327 -4.35772e-12)
(-19.7069 -84.3834 -4.17282e-12)
(-20.6628 -85.9044 -3.94285e-12)
(-21.6317 -87.3957 -3.66747e-12)
(-22.6128 -88.8564 -3.46229e-12)
(-23.6056 -90.2861 -3.27839e-12)
(-24.6098 -91.6848 -3.11983e-12)
(-25.6241 -93.0508 -2.95121e-12)
(-26.648 -94.3845 -2.7799e-12)
(-27.6818 -95.6867 -2.60968e-12)
(-28.7244 -96.9565 -2.49005e-12)
(-29.7749 -98.193 -2.35763e-12)
(-30.8327 -99.3959 -2.24239e-12)
(-31.8973 -100.566 -2.11621e-12)
(-32.9682 -101.702 -2.00241e-12)
(-34.0445 -102.804 -1.91024e-12)
(-35.1256 -103.871 -1.83555e-12)
(-36.2108 -104.904 -1.73074e-12)
(-37.2996 -105.902 -1.6694e-12)
(-38.3914 -106.866 -1.57397e-12)
(-39.4854 -107.795 -1.49884e-12)
(-40.5811 -108.689 -1.44916e-12)
(-41.6777 -109.547 -1.41579e-12)
(-42.7746 -110.37 -1.36152e-12)
(-43.8709 -111.159 -1.28342e-12)
(-44.9667 -111.912 -1.21404e-12)
(-46.0611 -112.63 -1.17536e-12)
(-47.1534 -113.313 -1.10478e-12)
(-48.243 -113.96 -1.07144e-12)
(-49.3292 -114.573 -1.00647e-12)
(-50.4115 -115.15 -1.01613e-12)
(-51.4889 -115.693 -9.95278e-13)
(-52.5614 -116.201 -9.76673e-13)
(-53.6284 -116.674 -8.87034e-13)
(-54.6892 -117.114 -8.76356e-13)
(-55.7432 -117.518 -8.26012e-13)
(-56.7898 -117.889 -7.93555e-13)
(-57.8282 -118.227 -7.63797e-13)
(-58.8582 -118.53 -7.47524e-13)
(-59.8788 -118.8 -7.17007e-13)
(-60.89 -119.038 -6.92811e-13)
(-61.8913 -119.244 -6.81935e-13)
(-62.8824 -119.417 -6.53805e-13)
(-63.8626 -119.559 -6.43698e-13)
(-64.8319 -119.669 -5.9289e-13)
(-65.7902 -119.749 -5.87785e-13)
(-66.7369 -119.798 -5.71588e-13)
(-67.6713 -119.818 -5.67559e-13)
(-68.593 -119.807 -5.44414e-13)
(-69.5025 -119.767 -5.46529e-13)
(-70.3985 -119.698 -5.20559e-13)
(-71.2811 -119.601 -5.05739e-13)
(-72.1498 -119.476 -4.8492e-13)
(-73.0047 -119.324 -4.67446e-13)
(-73.844 -119.145 -4.4729e-13)
(-74.6689 -118.94 -4.48275e-13)
(-75.4815 -118.708 -4.26086e-13)
(-76.2787 -118.451 -4.3107e-13)
(-77.0616 -118.169 -4.16068e-13)
(-77.8287 -117.862 -3.99022e-13)
(-78.582 -117.532 -3.93176e-13)
(-79.3195 -117.179 -3.77337e-13)
(-80.0437 -116.803 -3.94284e-13)
(-80.7517 -116.405 -3.58767e-13)
(-81.4432 -115.988 -3.44051e-13)
(-82.1228 -115.547 -3.56739e-13)
(-82.7865 -115.086 -3.47507e-13)
(-83.4354 -114.604 -3.27288e-13)
(-84.0681 -114.105 -3.46977e-13)
(-84.6842 -113.589 -3.32787e-13)
(-85.2844 -113.057 -3.10748e-13)
(-85.8755 -112.501 -3.10325e-13)
(-86.4535 -111.925 -3.23034e-13)
(-87.0178 -111.33 -3.02536e-13)
(-87.5684 -110.718 -3.06063e-13)
(-88.1054 -110.089 -2.87771e-13)
(-88.6293 -109.443 -2.93087e-13)
(-89.1402 -108.78 -2.63541e-13)
(-89.6385 -108.101 -2.52252e-13)
(-90.1242 -107.405 -2.62579e-13)
(-90.5977 -106.692 -2.55359e-13)
(-91.0591 -105.963 -2.5183e-13)
(-91.5087 -105.217 -2.58441e-13)
(-91.9465 -104.455 -2.44422e-13)
(-92.3729 -103.676 -2.29968e-13)
(-92.7878 -102.88 -2.41537e-13)
(-93.1915 -102.066 -2.3205e-13)
(-93.584 -101.235 -2.22059e-13)
(-93.9652 -100.385 -2.14491e-13)
(-94.3351 -99.5172 -2.0368e-13)
(-94.6935 -98.6297 -2.13157e-13)
(-95.0404 -97.7223 -1.95415e-13)
(-95.3753 -96.7943 -1.99547e-13)
(-95.6979 -95.8449 -1.84903e-13)
(-96.0076 -94.8733 -1.88267e-13)
(-96.3037 -93.8787 -1.79067e-13)
(-96.5852 -92.8606 -1.8505e-13)
(-96.8516 -91.8175 -1.76158e-13)
(-97.1022 -90.7485 -1.71756e-13)
(-97.3356 -89.6529 -1.72077e-13)
(-97.5503 -88.5297 -1.75025e-13)
(-97.745 -87.3778 -1.75216e-13)
(-97.918 -86.1963 -1.73629e-13)
(-98.0675 -84.9843 -1.69786e-13)
(-98.1913 -83.741 -1.60574e-13)
(-98.2876 -82.4657 -1.63139e-13)
(1.88979 -2.18368 -6.23925e-13)
)
;
    }
    inlet
    {
        type            calculated;
        value           uniform (0 0 0);
    }
    rWedge
    {
        type            wedge;
    }
    lWedge
    {
        type            wedge;
    }
    outlet
    {
        type            calculated;
        value           nonuniform 0();
    }
    procBoundary3to2
    {
        type            processor;
        value           uniform (0 0 0);
    }
}


// ************************************************************************* //
