/*--------------------------------*- C++ -*----------------------------------*\
| =========                 |                                                 |
| \\      /  F ield         | OpenFOAM: The Open Source CFD Toolbox           |
|  \\    /   O peration     | Version:  v1706                                 |
|   \\  /    A nd           | Web:      www.OpenFOAM.com                      |
|    \\/     M anipulation  |                                                 |
\*---------------------------------------------------------------------------*/
FoamFile
{
    version     2.0;
    format      ascii;
    class       volVectorField;
    location    "1e-05";
    object      wallShearStress;
}
// * * * * * * * * * * * * * * * * * * * * * * * * * * * * * * * * * * * * * //

dimensions      [1 -1 -2 0 0 0 0];


internalField   uniform (0 0 0);

boundaryField
{
    cone
    {
        type            calculated;
        value           nonuniform List<vector> 
147
(
(4.04688 -4.67549 -1.48098e-12)
(4.1206 -7.11879 -2.01546e-12)
(4.04071 -9.88636 -3.7801e-12)
(3.92743 -12.6117 -4.52462e-12)
(3.76506 -15.3936 -5.43264e-12)
(3.5716 -18.1431 -6.05458e-12)
(3.34016 -20.9128 -6.79676e-12)
(3.07775 -23.6604 -7.40622e-12)
(2.78019 -26.4123 -8.02446e-12)
(2.45134 -29.1477 -8.3034e-12)
(2.08886 -31.8788 -8.80358e-12)
(1.69492 -34.5961 -9.05973e-12)
(1.26837 -37.3044 -9.30052e-12)
(0.810447 -39.9994 -9.3525e-12)
(0.320719 -42.6827 -9.43572e-12)
(-0.200129 -45.3522 -9.40881e-12)
(-0.752114 -48.0081 -9.39574e-12)
(-1.33478 -50.6491 -9.40778e-12)
(-1.94794 -53.2748 -9.30766e-12)
(-2.59122 -55.8844 -9.2207e-12)
(-3.2693 -58.475 -9.08573e-12)
(-3.97449 -61.0477 -8.90193e-12)
(-4.70738 -63.6037 -8.68073e-12)
(-5.46896 -66.1407 -8.52735e-12)
(-6.25909 -68.6579 -8.27953e-12)
(-7.07733 -71.1545 -8.07151e-12)
(-7.92334 -73.6298 -7.83905e-12)
(-8.79664 -76.0829 -7.63434e-12)
(-9.69685 -78.5131 -7.4023e-12)
(-10.6235 -80.9196 -7.13329e-12)
(-11.5762 -83.3019 -6.91945e-12)
(-12.5544 -85.659 -6.67321e-12)
(-13.5577 -87.9904 -6.42595e-12)
(-14.5856 -90.2953 -6.2187e-12)
(-15.6375 -92.573 -5.98431e-12)
(-16.713 -94.8228 -5.8071e-12)
(-17.8117 -97.043 -5.59451e-12)
(-18.9328 -99.2338 -5.36792e-12)
(-20.0759 -101.396 -5.15049e-12)
(-21.2402 -103.528 -4.93072e-12)
(-22.4254 -105.628 -4.73836e-12)
(-23.6309 -107.698 -4.6318e-12)
(-24.8559 -109.735 -4.44985e-12)
(-26.1 -111.74 -4.2316e-12)
(-27.3625 -113.711 -4.06654e-12)
(-28.643 -115.648 -3.92508e-12)
(-29.9405 -117.552 -3.7814e-12)
(-31.2546 -119.42 -3.63315e-12)
(-32.5847 -121.253 -3.4786e-12)
(-33.93 -123.05 -3.30564e-12)
(-35.2899 -124.811 -3.18392e-12)
(-36.6638 -126.536 -3.05152e-12)
(-38.051 -128.223 -2.93314e-12)
(-39.4507 -129.873 -2.79843e-12)
(-40.862 -131.485 -2.67922e-12)
(-42.2846 -133.058 -2.56785e-12)
(-43.718 -134.593 -2.48404e-12)
(-45.1612 -136.089 -2.35865e-12)
(-46.6136 -137.546 -2.28502e-12)
(-48.0745 -138.964 -2.17987e-12)
(-49.5431 -140.342 -2.08535e-12)
(-51.0186 -141.679 -2.00769e-12)
(-52.5005 -142.976 -1.95651e-12)
(-53.988 -144.233 -1.88673e-12)
(-55.4804 -145.449 -1.78642e-12)
(-56.9768 -146.624 -1.69788e-12)
(-58.4767 -147.757 -1.63061e-12)
(-59.9792 -148.849 -1.54058e-12)
(-61.4838 -149.9 -1.48791e-12)
(-62.9897 -150.909 -1.39841e-12)
(-64.4958 -151.877 -1.38511e-12)
(-66.0019 -152.802 -1.35029e-12)
(-67.5071 -153.685 -1.31082e-12)
(-69.0107 -154.527 -1.20567e-12)
(-70.5119 -155.327 -1.17353e-12)
(-72.01 -156.084 -1.1076e-12)
(-73.5042 -156.799 -1.0568e-12)
(-74.9939 -157.472 -1.00781e-12)
(-76.4785 -158.104 -9.75903e-13)
(-77.9572 -158.693 -9.27703e-13)
(-79.4294 -159.24 -8.84308e-13)
(-80.894 -159.746 -8.60662e-13)
(-82.3508 -160.21 -8.19217e-13)
(-83.7988 -160.632 -7.97462e-13)
(-85.2375 -161.012 -7.36631e-13)
(-86.6664 -161.352 -7.1276e-13)
(-88.084 -161.649 -6.8471e-13)
(-89.4907 -161.906 -6.67736e-13)
(-90.8853 -162.122 -6.32869e-13)
(-92.2674 -162.298 -6.23273e-13)
(-93.6363 -162.434 -5.87953e-13)
(-94.9915 -162.529 -5.60956e-13)
(-96.3314 -162.584 -5.29032e-13)
(-97.6565 -162.6 -5.03794e-13)
(-98.966 -162.577 -4.74796e-13)
(-100.259 -162.515 -4.72704e-13)
(-101.535 -162.414 -4.44257e-13)
(-102.794 -162.275 -4.41067e-13)
(-104.034 -162.098 -4.20332e-13)
(-105.256 -161.883 -3.93882e-13)
(-106.457 -161.631 -3.81516e-13)
(-107.639 -161.343 -3.56771e-13)
(-108.802 -161.017 -3.73473e-13)
(-109.943 -160.656 -3.3025e-13)
(-111.065 -160.259 -3.09728e-13)
(-112.164 -159.827 -3.16567e-13)
(-113.241 -159.36 -3.04541e-13)
(-114.295 -158.859 -2.79234e-13)
(-115.327 -158.324 -2.967e-13)
(-116.336 -157.757 -2.8157e-13)
(-117.32 -157.157 -2.55314e-13)
(-118.28 -156.524 -2.51314e-13)
(-119.216 -155.862 -2.58873e-13)
(-120.127 -155.168 -2.38591e-13)
(-121.012 -154.443 -2.40262e-13)
(-121.872 -153.687 -2.17954e-13)
(-122.706 -152.903 -2.20901e-13)
(-123.514 -152.09 -1.90295e-13)
(-124.295 -151.248 -1.75413e-13)
(-125.047 -150.382 -1.81478e-13)
(-125.773 -149.487 -1.72318e-13)
(-126.469 -148.57 -1.68017e-13)
(-127.136 -147.628 -1.70992e-13)
(-127.78 -146.656 -1.54851e-13)
(-128.397 -145.657 -1.38524e-13)
(-128.986 -144.634 -1.48562e-13)
(-129.547 -143.588 -1.37432e-13)
(-130.079 -142.519 -1.27026e-13)
(-130.582 -141.429 -1.2054e-13)
(-131.057 -140.317 -1.10257e-13)
(-131.503 -139.184 -1.18374e-13)
(-131.92 -138.031 -9.97043e-14)
(-132.308 -136.859 -1.02623e-13)
(-132.667 -135.668 -8.7078e-14)
(-132.996 -134.458 -8.89245e-14)
(-133.297 -133.232 -7.97709e-14)
(-133.568 -131.988 -8.69286e-14)
(-133.81 -130.729 -7.87105e-14)
(-134.023 -129.454 -7.60643e-14)
(-134.207 -128.164 -7.64816e-14)
(-134.362 -126.86 -7.95452e-14)
(-134.488 -125.542 -7.61525e-14)
(-134.585 -124.212 -7.60313e-14)
(-134.653 -122.869 -7.49302e-14)
(-134.693 -121.514 -6.67776e-14)
(-134.703 -120.149 -6.77371e-14)
(3.6341 -2.47074 -3.72931e-13)
)
;
    }
    inlet
    {
        type            calculated;
        value           uniform (0 0 0);
    }
    rWedge
    {
        type            wedge;
    }
    lWedge
    {
        type            wedge;
    }
    outlet
    {
        type            calculated;
        value           nonuniform 0();
    }
    procBoundary3to2
    {
        type            processor;
        value           uniform (0 0 0);
    }
}


// ************************************************************************* //
