/*--------------------------------*- C++ -*----------------------------------*\
| =========                 |                                                 |
| \\      /  F ield         | OpenFOAM: The Open Source CFD Toolbox           |
|  \\    /   O peration     | Version:  v1706                                 |
|   \\  /    A nd           | Web:      www.OpenFOAM.com                      |
|    \\/     M anipulation  |                                                 |
\*---------------------------------------------------------------------------*/
FoamFile
{
    version     2.0;
    format      ascii;
    class       volVectorField;
    location    "9e-06";
    object      wallShearStress;
}
// * * * * * * * * * * * * * * * * * * * * * * * * * * * * * * * * * * * * * //

dimensions      [1 -1 -2 0 0 0 0];


internalField   uniform (0 0 0);

boundaryField
{
    cone
    {
        type            calculated;
        value           nonuniform List<vector> 
119
(
(-26.1228 -20.7001 -1.03991e-09)
(-26.6446 -20.7721 -5.35823e-10)
(-27.1763 -20.8419 -2.46391e-10)
(-27.718 -20.9097 -1.02224e-10)
(-28.2695 -20.9755 -3.86301e-11)
(-28.831 -21.0392 -1.3384e-11)
(-29.4025 -21.101 -4.29876e-12)
(-29.9839 -21.1608 -1.29839e-12)
(-30.5753 -21.2188 -3.95871e-13)
(-31.1765 -21.2751 -1.43028e-13)
(-31.7875 -21.3301 -7.19185e-14)
(-32.4084 -21.3837 -5.60687e-14)
(-33.0393 -21.436 -2.63703e-14)
(-33.6805 -21.4866 -2.13787e-14)
(-34.3321 -21.5359 -1.70157e-14)
(-34.9939 -21.5842 -4.7301e-14)
(-35.6662 -21.6319 -2.51687e-14)
(-36.3492 -21.6788 -3.44822e-14)
(-37.0433 -21.725 -3.32268e-14)
(-37.7489 -21.7705 -5.30845e-14)
(-38.4662 -21.8152 -6.85487e-14)
(-39.1958 -21.8592 -5.15024e-14)
(-39.9381 -21.9024 -6.19858e-14)
(-40.6935 -21.9451 -2.72179e-14)
(-41.4626 -21.9872 -1.69201e-14)
(-42.2461 -22.0284 -2.72574e-14)
(-43.0449 -22.0694 -3.58027e-14)
(-43.8594 -22.1091 -5.03283e-14)
(-44.6917 -22.1476 -4.64529e-14)
(-45.542 -22.185 -2.71803e-14)
(-46.4111 -22.2207 -4.00966e-14)
(-47.3044 -22.2521 -5.4068e-14)
(-48.2161 -22.2824 -2.09305e-14)
(-49.154 -22.3111 -4.99606e-14)
(-50.1187 -22.3327 -3.66486e-14)
(-51.1115 -22.3491 -3.34722e-14)
(-52.135 -22.3588 -1.62252e-14)
(-53.1917 -22.3604 -3.43831e-14)
(-54.2844 -22.3524 -3.51393e-14)
(-55.4161 -22.3329 -2.75619e-14)
(-56.5901 -22.2998 -5.19605e-14)
(-57.8102 -22.2504 -3.30856e-14)
(-59.0805 -22.1819 -2.92602e-14)
(-60.4055 -22.0908 -4.77197e-14)
(-61.7903 -21.9732 -4.27607e-14)
(-63.2405 -21.8244 -6.03516e-14)
(-64.762 -21.6396 -3.50668e-14)
(-66.3618 -21.4129 -9.15159e-15)
(-68.0475 -21.1379 -4.07977e-14)
(-69.8277 -20.807 -3.4242e-14)
(-71.7125 -20.4112 -3.06064e-14)
(-73.7142 -19.9389 -3.20206e-14)
(-75.8471 -19.376 -3.5215e-14)
(-78.1286 -18.704 -3.27683e-14)
(-80.5801 -17.8997 -5.82174e-14)
(-83.2278 -16.9325 -2.93172e-14)
(-86.1041 -15.7624 -2.91358e-14)
(-89.2508 -14.3351 -4.10075e-14)
(-92.7218 -12.5755 -4.61749e-14)
(-96.5898 -10.3769 -3.9686e-14)
(-100.956 -7.58023 -3.00878e-14)
(-105.965 -3.9403 -3.31864e-14)
(-111.837 0.936875 -3.97067e-14)
(-118.916 7.7078 -4.24613e-14)
(-127.752 17.4884 -3.69205e-14)
(-139.222 32.1606 -3.96324e-14)
(-154.646 54.7474 -3.3295e-14)
(-175.74 89.5867 -4.0205e-14)
(-204.055 141.584 -3.87967e-14)
(-239.482 213.501 -3.66525e-14)
(-278.263 301.419 -3.09624e-14)
(-311.945 390.805 -2.68911e-14)
(-330.363 460.524 -2.29341e-14)
(-328.726 495.768 -1.34094e-14)
(-309.523 495.405 -1.21117e-14)
(-279.262 467.996 -6.74647e-15)
(-244.109 424.27 -4.8363e-15)
(-208.417 373.127 -3.88788e-15)
(-174.621 320.304 -1.74705e-15)
(-143.846 269.184 -1.98177e-15)
(-116.509 221.642 -1.54709e-16)
(-92.6879 178.701 3.50845e-16)
(-72.3013 140.901 -4.01909e-17)
(-55.1911 108.47 2.40883e-16)
(-41.147 81.3948 3.87679e-16)
(-29.9113 59.4527 7.97766e-16)
(-21.1819 42.2393 4.65438e-16)
(-14.6183 29.2074 -2.24069e-17)
(-9.83319 19.6653 8.74781e-17)
(-6.4502 12.9012 6.10669e-17)
(-4.12837 8.25251 8.47338e-17)
(-2.57485 5.1413 6.98936e-17)
(-1.55904 3.10578 -1.40697e-16)
(-0.910506 1.80573 6.45742e-17)
(-0.5039 0.990519 1.65e-16)
(-0.253165 0.487777 -2.3958e-17)
(-0.100894 0.18242 -2.40332e-16)
(-0.0097523 -0.000444211 3.61471e-16)
(0.0440146 -0.108479 4.56429e-16)
(0.0752205 -0.171562 7.56518e-16)
(0.0929384 -0.208034 6.18834e-16)
(0.102583 -0.229045 2.42774e-16)
(0.107287 -0.241308 3.27339e-16)
(0.108798 -0.248827 3.0561e-16)
(0.10804 -0.254007 -2.99494e-16)
(0.105482 -0.258286 -9.40147e-17)
(0.101396 -0.26246 -2.77434e-16)
(0.0960081 -0.266878 -3.28375e-16)
(0.0895914 -0.271528 -1.01327e-16)
(0.08246 -0.276129 1.87945e-17)
(0.0749149 -0.280246 8.50058e-17)
(0.0671757 -0.283435 -4.49943e-17)
(0.059281 -0.285234 3.14339e-16)
(0.0508607 -0.285121 -1.18186e-16)
(0.0411678 -0.283958 2.84074e-16)
(0.0291184 -0.28392 -6.28383e-18)
(0.0133504 -0.280522 1.03275e-16)
(-0.018419 -0.278916 2.6443e-16)
(-0.00400971 -0.305468 1.30158e-16)
)
;
    }
    inlet
    {
        type            calculated;
        value           uniform (0 0 0);
    }
    rWedge
    {
        type            wedge;
    }
    lWedge
    {
        type            wedge;
    }
    outlet
    {
        type            calculated;
        value           uniform (0 0 0);
    }
    procBoundary0to1
    {
        type            processor;
        value           uniform (0 0 0);
    }
    procBoundary0to2
    {
        type            processor;
        value           uniform (0 0 0);
    }
}


// ************************************************************************* //
