/*--------------------------------*- C++ -*----------------------------------*\
| =========                 |                                                 |
| \\      /  F ield         | OpenFOAM: The Open Source CFD Toolbox           |
|  \\    /   O peration     | Version:  v1706                                 |
|   \\  /    A nd           | Web:      www.OpenFOAM.com                      |
|    \\/     M anipulation  |                                                 |
\*---------------------------------------------------------------------------*/
FoamFile
{
    version     2.0;
    format      ascii;
    class       volVectorField;
    location    "1.2e-05";
    object      wallShearStress;
}
// * * * * * * * * * * * * * * * * * * * * * * * * * * * * * * * * * * * * * //

dimensions      [1 -1 -2 0 0 0 0];


internalField   uniform (0 0 0);

boundaryField
{
    cone
    {
        type            calculated;
        value           nonuniform List<vector> 
119
(
(-15.2798 0.242851 -5.14026e-10)
(-15.0216 0.334338 -3.74613e-10)
(-14.597 0.268696 -2.45075e-10)
(-14.0414 0.0614316 -1.45741e-10)
(-13.3935 -0.26383 -7.97286e-11)
(-12.6936 -0.676593 -4.06201e-11)
(-11.9801 -1.14336 -1.95781e-11)
(-11.2853 -1.6325 -9.10266e-12)
(-10.6331 -2.11787 -4.19493e-12)
(-10.0385 -2.58076 -1.97495e-12)
(-9.50837 -3.01032 -9.72505e-13)
(-9.04296 -3.40277 -5.07402e-13)
(-8.63847 -3.75883 -2.68858e-13)
(-8.28866 -4.08227 -1.47165e-13)
(-7.99345 -4.37211 -8.36413e-14)
(-7.7358 -4.62958 -6.23148e-14)
(-7.5168 -4.86667 -2.89504e-14)
(-7.32858 -5.08342 -2.20851e-14)
(-7.16567 -5.28272 -1.61682e-14)
(-7.02348 -5.46792 -2.58964e-14)
(-6.89799 -5.64185 -3.26431e-14)
(-6.78586 -5.80692 -2.57417e-14)
(-6.68437 -5.96525 -3.02955e-14)
(-6.59131 -6.11868 -9.16704e-15)
(-6.50496 -6.2688 -4.65486e-15)
(-6.42406 -6.41694 -8.55528e-15)
(-6.34778 -6.56412 -1.07864e-14)
(-6.27564 -6.71108 -1.87201e-14)
(-6.20744 -6.85826 -1.64669e-14)
(-6.14337 -7.00584 -9.7814e-15)
(-6.08356 -7.15378 -1.36934e-14)
(-6.02861 -7.30189 -2.31784e-14)
(-5.97879 -7.44972 -3.51529e-15)
(-5.93467 -7.59691 -1.83856e-14)
(-5.89668 -7.74294 -7.83412e-15)
(-5.86517 -7.88736 -8.16151e-15)
(-5.84038 -8.02975 3.76799e-16)
(-5.82245 -8.16981 -1.15005e-14)
(-5.81138 -8.30736 -9.53471e-15)
(-5.80707 -8.44232 -5.89845e-15)
(-5.8093 -8.57477 -2.21865e-14)
(-5.81779 -8.70489 -9.21138e-15)
(-5.83222 -8.83295 -1.30405e-14)
(-5.85224 -8.9593 -2.43089e-14)
(-5.87752 -9.0843 -1.75738e-14)
(-5.90776 -9.20836 -3.01796e-14)
(-5.94272 -9.33183 -1.48824e-14)
(-5.98222 -9.45504 8.84016e-15)
(-6.02616 -9.57827 -1.22928e-14)
(-6.07447 -9.70171 -8.71554e-15)
(-6.12718 -9.82553 -7.96105e-15)
(-6.18436 -9.94979 -1.28856e-14)
(-6.24611 -10.0746 -1.18879e-14)
(-6.31254 -10.1999 -7.29192e-15)
(-6.38381 -10.3256 -2.71001e-14)
(-6.46006 -10.4519 -1.0291e-14)
(-6.54142 -10.5786 -4.47894e-15)
(-6.62806 -10.7058 -1.85724e-14)
(-6.7201 -10.8333 -2.40327e-14)
(-6.81768 -10.9613 -1.89957e-14)
(-6.92092 -11.0896 -1.34192e-14)
(-7.02995 -11.2183 -1.42153e-14)
(-7.14491 -11.3474 -1.36288e-14)
(-7.26592 -11.4769 -1.7797e-14)
(-7.39314 -11.6069 -1.40542e-14)
(-7.52671 -11.7373 -2.1609e-14)
(-7.6668 -11.8682 -1.58301e-14)
(-7.81358 -11.9995 -2.33702e-14)
(-7.96723 -12.1314 -2.25083e-14)
(-8.12795 -12.2638 -2.2298e-14)
(-8.29593 -12.3967 -1.81454e-14)
(-8.47137 -12.53 -1.78681e-14)
(-8.65446 -12.6637 -2.2526e-14)
(-8.84541 -12.7979 -1.36514e-14)
(-9.0444 -12.9324 -1.86892e-14)
(-9.25164 -13.0672 -1.09902e-14)
(-9.46731 -13.2022 -1.16166e-14)
(-9.69162 -13.3373 -1.93877e-14)
(-9.92474 -13.4725 -8.77441e-15)
(-10.1669 -13.6076 -2.78526e-14)
(-10.4183 -13.7425 -1.0963e-14)
(-10.679 -13.8772 -1.37127e-14)
(-10.9494 -14.0115 -1.93384e-14)
(-11.2296 -14.1453 -1.74353e-14)
(-11.5198 -14.2786 -1.85011e-14)
(-11.8203 -14.4111 -2.30103e-15)
(-12.1311 -14.5429 -8.7116e-15)
(-12.4526 -14.6738 -2.989e-14)
(-12.7849 -14.8036 -2.3459e-14)
(-13.128 -14.9323 -2.40197e-14)
(-13.4822 -15.0597 -2.0247e-14)
(-13.8474 -15.1857 -1.93662e-14)
(-14.224 -15.3102 -3.46464e-14)
(-14.6122 -15.4331 -1.85782e-14)
(-15.0122 -15.5544 -1.43819e-14)
(-15.4244 -15.674 -2.3992e-14)
(-15.8493 -15.7921 -4.67193e-14)
(-16.2872 -15.9087 -6.66108e-15)
(-16.7385 -16.0235 -1.40357e-14)
(-17.2033 -16.1365 2.30371e-15)
(-17.6809 -16.2467 -3.69381e-15)
(-18.1697 -16.3528 -2.65555e-14)
(-18.6654 -16.4518 -1.98874e-14)
(-19.1607 -16.5391 -1.10877e-14)
(-19.6441 -16.6089 -4.73566e-14)
(-20.1013 -16.6541 -2.51329e-14)
(-20.5177 -16.6705 -3.92072e-14)
(-20.8819 -16.6563 -4.20413e-14)
(-21.1939 -16.6184 -3.07285e-14)
(-21.4662 -16.5698 -2.58798e-14)
(-21.7565 -16.5466 -2.23642e-14)
(-22.1435 -16.5848 -3.73693e-14)
(-22.6739 -16.6902 -1.09309e-14)
(-23.2524 -16.7625 -3.78843e-14)
(-23.6331 -16.6797 -8.18641e-15)
(-23.6024 -16.3521 -2.6978e-14)
(-23.1336 -15.8967 -1.86943e-14)
(-22.6831 -15.5657 -1.12349e-14)
(-23.9711 -15.954 -1.76399e-14)
)
;
    }
    inlet
    {
        type            calculated;
        value           uniform (0 0 0);
    }
    rWedge
    {
        type            wedge;
    }
    lWedge
    {
        type            wedge;
    }
    outlet
    {
        type            calculated;
        value           uniform (0 0 0);
    }
    procBoundary0to1
    {
        type            processor;
        value           uniform (0 0 0);
    }
    procBoundary0to2
    {
        type            processor;
        value           uniform (0 0 0);
    }
}


// ************************************************************************* //
