/*--------------------------------*- C++ -*----------------------------------*\
| =========                 |                                                 |
| \\      /  F ield         | OpenFOAM: The Open Source CFD Toolbox           |
|  \\    /   O peration     | Version:  v1706                                 |
|   \\  /    A nd           | Web:      www.OpenFOAM.com                      |
|    \\/     M anipulation  |                                                 |
\*---------------------------------------------------------------------------*/
FoamFile
{
    version     2.0;
    format      ascii;
    class       volVectorField;
    location    "4e-06";
    object      wallShearStress;
}
// * * * * * * * * * * * * * * * * * * * * * * * * * * * * * * * * * * * * * //

dimensions      [1 -1 -2 0 0 0 0];


internalField   uniform (0 0 0);

boundaryField
{
    cone
    {
        type            calculated;
        value           nonuniform List<vector> 
153
(
(-281.445 -268.284 -6.63671e-13)
(-289.569 -271.067 -6.30254e-13)
(-297.991 -273.88 -6.35729e-13)
(-306.718 -276.723 -6.60463e-13)
(-315.766 -279.592 -6.35914e-13)
(-325.149 -282.48 -6.16619e-13)
(-334.878 -285.38 -6.58464e-13)
(-344.967 -288.286 -6.37292e-13)
(-355.428 -291.191 -6.32565e-13)
(-366.278 -294.093 -6.34398e-13)
(-377.539 -296.983 -6.44517e-13)
(-389.235 -299.852 -6.34644e-13)
(-401.387 -302.694 -6.59898e-13)
(-414.034 -305.492 -6.43505e-13)
(-427.195 -308.251 -6.17905e-13)
(-440.921 -310.949 -6.14317e-13)
(-455.266 -313.552 -6.48227e-13)
(-470.247 -316.067 -6.11309e-13)
(-485.939 -318.469 -6.17706e-13)
(-502.432 -320.686 -6.23328e-13)
(-519.729 -322.725 -6.10509e-13)
(-537.931 -324.557 -6.1217e-13)
(-557.201 -326.059 -5.81609e-13)
(-577.524 -327.207 -5.73798e-13)
(-599.083 -328.04 -5.78838e-13)
(-622.172 -328.091 -5.55351e-13)
(-646.858 -327.191 -5.84324e-13)
(-673.46 -325.277 -5.84688e-13)
(-702.371 -321.864 -5.55461e-13)
(-734.09 -316.446 -5.41291e-13)
(-769.237 -308.054 -5.65771e-13)
(-808.931 -295.603 -5.33512e-13)
(-854.419 -276.792 -5.45901e-13)
(-907.534 -248.213 -5.10056e-13)
(-970.653 -204.585 -5.00012e-13)
(-1046.04 -137.819 -4.91589e-13)
(-1133.62 -39.1452 -4.71893e-13)
(-1227.71 98.5144 -4.53805e-13)
(-1312.14 273.125 -4.20475e-13)
(-1359.31 464.603 -3.68296e-13)
(-1341.03 634.945 -3.07008e-13)
(-1248.5 747.021 -2.54393e-13)
(-1100.86 788.16 -1.94377e-13)
(-931.809 770.034 -1.4083e-13)
(-766.583 716.632 -1.10093e-13)
(-618.459 644.612 -7.70573e-14)
(-492.125 564.802 -5.32164e-14)
(-387.191 483.203 -3.75431e-14)
(-300.343 401.941 -2.43244e-14)
(-229.364 325.789 -1.304e-14)
(-172.848 258.19 -8.34096e-15)
(-128.322 199.559 -6.07718e-15)
(-93.5491 150.113 -2.14324e-15)
(-66.7699 109.706 -1.14013e-15)
(-46.5443 77.7989 -2.8343e-16)
(-31.6489 53.5361 3.32498e-16)
(-20.9614 35.7291 4.97826e-16)
(-13.5171 23.1385 6.29057e-16)
(-8.47592 14.5282 7.65463e-16)
(-5.15908 8.82965 7.36825e-16)
(-3.03353 5.16583 8.08288e-16)
(-1.69636 2.85428 8.21625e-16)
(-0.87559 1.43183 7.90033e-16)
(-0.379223 0.568624 7.84772e-16)
(-0.0821769 0.04941 7.83216e-16)
(0.0935319 -0.259183 8.35874e-16)
(0.197146 -0.443418 8.65512e-16)
(0.257763 -0.553097 8.71917e-16)
(0.292973 -0.618436 8.20869e-16)
(0.313215 -0.657495 8.24378e-16)
(0.32468 -0.681014 8.79697e-16)
(0.330995 -0.69526 8.9158e-16)
(0.334344 -0.704079 8.98876e-16)
(0.335961 -0.709561 8.83085e-16)
(0.336591 -0.713053 8.29233e-16)
(0.336673 -0.715328 7.78279e-16)
(0.336459 -0.716845 7.65505e-16)
(0.336101 -0.717881 7.44745e-16)
(0.335685 -0.718607 6.99381e-16)
(0.33526 -0.719125 6.87914e-16)
(0.334852 -0.719502 7.10823e-16)
(0.334476 -0.719777 7.23998e-16)
(0.334136 -0.719979 7.22975e-16)
(0.333834 -0.720125 7.24672e-16)
(0.333569 -0.720228 6.71261e-16)
(0.333336 -0.720297 6.7879e-16)
(0.333133 -0.720339 6.80441e-16)
(0.332955 -0.720358 6.59346e-16)
(0.332799 -0.72036 6.57164e-16)
(0.332662 -0.720347 6.87153e-16)
(0.33254 -0.720322 6.90403e-16)
(0.33243 -0.720288 7.50262e-16)
(0.33233 -0.720246 7.84327e-16)
(0.332239 -0.720198 7.39314e-16)
(0.332154 -0.720144 7.45632e-16)
(0.332074 -0.720087 7.08356e-16)
(0.331998 -0.720026 6.63876e-16)
(0.331925 -0.719963 7.1875e-16)
(0.331855 -0.719899 7.61043e-16)
(0.331786 -0.719832 8.4228e-16)
(0.331719 -0.719765 7.70321e-16)
(0.331653 -0.719696 8.27386e-16)
(0.331588 -0.719627 7.76801e-16)
(0.331523 -0.719558 7.33929e-16)
(0.331458 -0.719488 7.78287e-16)
(0.331394 -0.719418 6.98493e-16)
(0.33133 -0.719347 6.47658e-16)
(0.331267 -0.719277 6.24327e-16)
(0.331203 -0.719206 7.03941e-16)
(0.33114 -0.719135 6.95149e-16)
(0.331076 -0.719065 7.18473e-16)
(0.331013 -0.718994 6.52082e-16)
(0.330949 -0.718923 7.61384e-16)
(0.330885 -0.718852 7.21527e-16)
(0.330821 -0.718782 6.86173e-16)
(0.330756 -0.718712 6.69428e-16)
(0.330691 -0.718642 6.29276e-16)
(0.330625 -0.718572 6.1691e-16)
(0.330558 -0.718503 6.29333e-16)
(0.330491 -0.718435 5.80349e-16)
(0.330422 -0.718367 5.59833e-16)
(0.330352 -0.7183 5.87668e-16)
(0.33028 -0.718233 5.07104e-16)
(0.330208 -0.718168 4.70716e-16)
(0.330134 -0.718104 5.38533e-16)
(0.330058 -0.718041 5.67302e-16)
(0.329982 -0.717979 5.24533e-16)
(0.329905 -0.717917 5.72243e-16)
(0.329828 -0.717856 5.64198e-16)
(0.329751 -0.717795 5.51194e-16)
(0.329676 -0.717734 5.81032e-16)
(0.329603 -0.717672 6.10801e-16)
(0.329534 -0.717607 6.77249e-16)
(0.32947 -0.71754 6.52711e-16)
(0.329412 -0.71747 6.90179e-16)
(0.32936 -0.717393 7.31169e-16)
(0.329317 -0.717313 6.47371e-16)
(0.329285 -0.717228 6.52277e-16)
(0.329263 -0.717136 5.89201e-16)
(0.329252 -0.717038 5.01583e-16)
(0.329251 -0.716935 4.35875e-16)
(0.32926 -0.716828 4.60603e-16)
(0.329277 -0.71672 5.28874e-16)
(0.329299 -0.716613 5.74332e-16)
(0.329321 -0.716512 5.29179e-16)
(0.329339 -0.716422 4.59997e-16)
(0.329345 -0.716346 5.06321e-16)
(0.329325 -0.716272 5.23722e-16)
(0.329254 -0.716197 4.63879e-16)
(0.329112 -0.716124 4.21524e-16)
(0.328899 -0.71607 4.57867e-16)
(0.328647 -0.716033 4.63009e-16)
(0.32845 -0.716084 5.70686e-16)
)
;
    }
    inlet
    {
        type            calculated;
        value           uniform (0 0 0);
    }
    rWedge
    {
        type            wedge;
    }
    lWedge
    {
        type            wedge;
    }
    outlet
    {
        type            calculated;
        value           nonuniform 0();
    }
    procBoundary2to0
    {
        type            processor;
        value           uniform (0 0 0);
    }
    procBoundary2to1
    {
        type            processor;
        value           uniform (0 0 0);
    }
    procBoundary2to3
    {
        type            processor;
        value           uniform (0 0 0);
    }
}


// ************************************************************************* //
