/*--------------------------------*- C++ -*----------------------------------*\
| =========                 |                                                 |
| \\      /  F ield         | OpenFOAM: The Open Source CFD Toolbox           |
|  \\    /   O peration     | Version:  v1706                                 |
|   \\  /    A nd           | Web:      www.OpenFOAM.com                      |
|    \\/     M anipulation  |                                                 |
\*---------------------------------------------------------------------------*/
FoamFile
{
    version     2.0;
    format      ascii;
    class       volVectorField;
    location    "9e-06";
    object      wallShearStress;
}
// * * * * * * * * * * * * * * * * * * * * * * * * * * * * * * * * * * * * * //

dimensions      [1 -1 -2 0 0 0 0];


internalField   uniform (0 0 0);

boundaryField
{
    cone
    {
        type            calculated;
        value           nonuniform List<vector> 
153
(
(-122.233 -108.835 -9.88656e-14)
(-122.153 -107.539 -8.85703e-14)
(-122.05 -106.239 -8.95274e-14)
(-121.925 -104.933 -9.35819e-14)
(-121.777 -103.623 -8.42013e-14)
(-121.608 -102.309 -8.04005e-14)
(-121.418 -100.992 -9.46641e-14)
(-121.206 -99.6717 -8.63526e-14)
(-120.975 -98.3487 -8.34526e-14)
(-120.722 -97.0233 -8.44736e-14)
(-120.45 -95.6957 -8.91218e-14)
(-120.158 -94.3659 -8.76444e-14)
(-119.845 -93.034 -9.37189e-14)
(-119.512 -91.6999 -8.94164e-14)
(-119.159 -90.3635 -8.39859e-14)
(-118.785 -89.0244 -8.53468e-14)
(-118.39 -87.6823 -9.4108e-14)
(-117.972 -86.3367 -8.28984e-14)
(-117.532 -84.987 -8.44251e-14)
(-117.066 -83.6324 -8.62361e-14)
(-116.575 -82.2721 -8.20649e-14)
(-116.057 -80.9055 -8.2427e-14)
(-115.509 -79.5314 -7.4204e-14)
(-114.929 -78.1488 -7.39604e-14)
(-114.315 -76.7566 -7.68043e-14)
(-113.665 -75.3539 -7.11613e-14)
(-112.975 -73.9395 -8.06884e-14)
(-112.242 -72.5119 -8.06386e-14)
(-111.463 -71.0702 -7.40695e-14)
(-110.634 -69.6135 -7.26428e-14)
(-109.753 -68.1407 -8.24487e-14)
(-108.814 -66.6513 -7.54452e-14)
(-107.816 -65.1448 -8.06977e-14)
(-106.754 -63.6206 -6.97273e-14)
(-105.624 -62.0782 -7.12069e-14)
(-104.424 -60.5167 -7.23564e-14)
(-103.146 -58.9367 -7.0697e-14)
(-101.789 -57.3381 -7.48651e-14)
(-100.348 -55.7212 -7.60574e-14)
(-98.8173 -54.0857 -7.13484e-14)
(-97.1914 -52.4313 -6.78518e-14)
(-95.4628 -50.7557 -7.21028e-14)
(-93.6265 -49.0572 -6.45048e-14)
(-91.6596 -47.34 -6.61396e-14)
(-89.5573 -45.6012 -6.72558e-14)
(-87.2803 -43.8941 -6.60507e-14)
(-84.8423 -42.1544 -6.76816e-14)
(-82.1626 -40.3308 -6.27962e-14)
(-79.2011 -38.5355 -6.28156e-14)
(-76.3527 -36.9835 -5.8618e-14)
(-73.8469 -35.7783 -6.45217e-14)
(-71.5362 -34.7306 -6.36471e-14)
(-69.3683 -33.816 -6.013e-14)
(-67.3165 -33.0254 -6.00696e-14)
(-65.3672 -32.3522 -5.992e-14)
(-63.5142 -31.7922 -5.99116e-14)
(-61.7574 -31.3423 -6.36346e-14)
(-60.1015 -30.9992 -6.19257e-14)
(-58.553 -30.7585 -5.93811e-14)
(-57.1142 -30.618 -6.36183e-14)
(-55.7824 -30.5858 -5.86071e-14)
(-54.5715 -30.6724 -5.72567e-14)
(-53.5433 -30.8493 -6.02748e-14)
(-52.7646 -31.0513 -6.16343e-14)
(-52.1981 -31.2804 -6.41075e-14)
(-51.7777 -31.594 -5.99865e-14)
(-51.5441 -31.9627 -5.80007e-14)
(-51.57 -32.3424 -5.77511e-14)
(-51.8711 -32.7117 -6.52346e-14)
(-52.4498 -33.0479 -6.70104e-14)
(-53.3029 -33.3225 -6.24524e-14)
(-54.4284 -33.5045 -6.25124e-14)
(-55.8148 -33.5607 -6.0999e-14)
(-57.4379 -33.4567 -6.05303e-14)
(-59.2602 -33.1579 -6.60358e-14)
(-61.2307 -32.6315 -6.84109e-14)
(-63.2824 -31.8467 -6.71539e-14)
(-65.3515 -30.761 -6.56089e-14)
(-67.2611 -29.3423 -6.9434e-14)
(-69.0861 -27.7026 -7.22832e-14)
(-70.5645 -25.7214 -6.96334e-14)
(-71.6484 -23.4887 -6.82435e-14)
(-72.2567 -21.0751 -6.64345e-14)
(-72.3212 -18.5395 -6.4046e-14)
(-71.795 -15.9759 -6.88488e-14)
(-70.6789 -13.4911 -6.42146e-14)
(-69.0015 -11.1851 -6.08194e-14)
(-66.8227 -9.14671 -6.18741e-14)
(-64.2282 -7.4457 -6.1699e-14)
(-61.322 -6.12589 -5.79397e-14)
(-58.2175 -5.20236 -5.83292e-14)
(-55.0289 -4.66268 -5.25395e-14)
(-51.8634 -4.47147 -4.7357e-14)
(-48.8151 -4.57723 -4.98582e-14)
(-45.9616 -4.91974 -4.66288e-14)
(-43.3629 -5.43674 -4.74111e-14)
(-41.0619 -6.06948 -4.99141e-14)
(-39.089 -6.76526 -4.51486e-14)
(-37.4655 -7.47524 -4.28632e-14)
(-36.2046 -8.15133 -3.60252e-14)
(-35.3133 -8.74129 -4.18275e-14)
(-34.7962 -9.18934 -3.60999e-14)
(-34.6003 -9.47908 -3.92962e-14)
(-34.6541 -9.66337 -4.26847e-14)
(-35.0009 -9.66472 -3.66539e-14)
(-35.5968 -9.46393 -4.11741e-14)
(-36.3756 -9.06937 -4.36091e-14)
(-37.2845 -8.47813 -4.46689e-14)
(-38.2603 -7.69223 -3.74955e-14)
(-39.2237 -6.73143 -3.82919e-14)
(-40.0747 -5.6293 -3.63563e-14)
(-40.7143 -4.44013 -4.22411e-14)
(-41.0307 -3.26261 -3.34075e-14)
(-40.9298 -2.16826 -3.4467e-14)
(-40.3537 -1.25303 -3.43049e-14)
(-39.2947 -0.577455 -3.43531e-14)
(-37.7905 -0.165738 -3.58283e-14)
(-35.913 -0.0068497 -3.55069e-14)
(-33.7534 -0.0619782 -3.298e-14)
(-31.4068 -0.276573 -3.36974e-14)
(-28.96 -0.593036 -3.35538e-14)
(-26.4839 -0.960765 -3.02042e-14)
(-24.0317 -1.34189 -3.28886e-14)
(-21.6403 -1.71288 -3.44423e-14)
(-19.333 -2.06334 -3.11055e-14)
(-17.1234 -2.39287 -2.98182e-14)
(-15.0193 -2.70738 -3.13882e-14)
(-13.0251 -3.01532 -2.8601e-14)
(-11.1437 -3.3247 -2.85388e-14)
(-9.37692 -3.64141 -2.88822e-14)
(-7.72575 -3.96865 -2.76678e-14)
(-6.18976 -4.30721 -2.65424e-14)
(-4.76707 -4.65613 -2.35045e-14)
(-3.45447 -5.01317 -2.43546e-14)
(-2.24755 -5.37541 -2.27311e-14)
(-1.14089 -5.73995 -2.11183e-14)
(-0.127606 -6.10593 -2.3616e-14)
(0.804284 -6.47697 -2.18281e-14)
(1.64086 -6.86573 -2.33263e-14)
(2.4359 -7.23767 -2.58371e-14)
(3.14813 -7.6151 -2.76692e-14)
(3.78541 -7.99912 -2.68729e-14)
(4.36416 -8.38464 -2.47051e-14)
(4.88728 -8.77224 -2.29183e-14)
(5.35779 -9.16246 -2.40545e-14)
(5.77921 -9.55548 -2.65561e-14)
(6.15544 -9.9521 -2.51534e-14)
(6.49016 -10.3523 -2.43862e-14)
(6.78595 -10.7578 -2.66471e-14)
(7.04644 -11.1694 -2.85115e-14)
(7.27445 -11.5885 -2.71853e-14)
(7.47207 -12.0159 -2.84185e-14)
(7.64106 -12.4523 -2.46872e-14)
)
;
    }
    inlet
    {
        type            calculated;
        value           uniform (0 0 0);
    }
    rWedge
    {
        type            wedge;
    }
    lWedge
    {
        type            wedge;
    }
    outlet
    {
        type            calculated;
        value           nonuniform 0();
    }
    procBoundary2to0
    {
        type            processor;
        value           uniform (0 0 0);
    }
    procBoundary2to1
    {
        type            processor;
        value           uniform (0 0 0);
    }
    procBoundary2to3
    {
        type            processor;
        value           uniform (0 0 0);
    }
}


// ************************************************************************* //
