/*--------------------------------*- C++ -*----------------------------------*\
| =========                 |                                                 |
| \\      /  F ield         | OpenFOAM: The Open Source CFD Toolbox           |
|  \\    /   O peration     | Version:  v1706                                 |
|   \\  /    A nd           | Web:      www.OpenFOAM.com                      |
|    \\/     M anipulation  |                                                 |
\*---------------------------------------------------------------------------*/
FoamFile
{
    version     2.0;
    format      ascii;
    class       volVectorField;
    location    "3e-06";
    object      wallShearStress;
}
// * * * * * * * * * * * * * * * * * * * * * * * * * * * * * * * * * * * * * //

dimensions      [1 -1 -2 0 0 0 0];


internalField   uniform (0 0 0);

boundaryField
{
    cone
    {
        type            calculated;
        value           nonuniform List<vector> 
153
(
(0.716915 -0.835775 9.45609e-16)
(0.711848 -0.840584 9.65767e-16)
(0.706736 -0.845205 9.45541e-16)
(0.701623 -0.849735 9.21333e-16)
(0.696523 -0.854208 9.40513e-16)
(0.691458 -0.858672 9.45438e-16)
(0.686407 -0.863083 9.05517e-16)
(0.681414 -0.867528 9.41821e-16)
(0.67645 -0.871917 9.38694e-16)
(0.671461 -0.876233 9.21954e-16)
(0.666496 -0.880526 8.99254e-16)
(0.661542 -0.884786 8.99891e-16)
(0.656602 -0.889015 8.78531e-16)
(0.65168 -0.893217 9.03231e-16)
(0.646777 -0.89739 9.30507e-16)
(0.641896 -0.901535 9.36707e-16)
(0.637036 -0.905647 9.18042e-16)
(0.632198 -0.90972 9.52776e-16)
(0.627391 -0.913764 9.35272e-16)
(0.622621 -0.917765 9.08677e-16)
(0.617898 -0.921723 9.15085e-16)
(0.613228 -0.925632 9.06647e-16)
(0.608621 -0.929484 9.48232e-16)
(0.604082 -0.933269 9.42532e-16)
(0.59962 -0.936977 9.16675e-16)
(0.595243 -0.940599 9.12885e-16)
(0.590958 -0.944128 8.60086e-16)
(0.586771 -0.947556 8.41182e-16)
(0.582687 -0.950874 8.53768e-16)
(0.578708 -0.954076 8.22486e-16)
(0.574832 -0.957153 7.72965e-16)
(0.571056 -0.9601 8.01569e-16)
(0.567375 -0.962912 7.79488e-16)
(0.563779 -0.965583 8.1871e-16)
(0.560254 -0.968109 7.987e-16)
(0.556785 -0.970488 7.79543e-16)
(0.553346 -0.972704 7.61918e-16)
(0.549905 -0.974743 7.39308e-16)
(0.54643 -0.976604 7.36982e-16)
(0.542896 -0.978291 7.61337e-16)
(0.539246 -0.979766 7.77573e-16)
(0.535454 -0.981065 7.61723e-16)
(0.531495 -0.982154 7.97558e-16)
(0.527236 -0.982857 7.88614e-16)
(0.522556 -0.983103 7.7916e-16)
(0.517313 -0.982738 7.72901e-16)
(0.511195 -0.981274 7.59827e-16)
(0.503572 -0.977304 7.73737e-16)
(0.497386 -0.97064 7.60342e-16)
(0.493897 -0.965743 7.46609e-16)
(0.491052 -0.963694 6.81877e-16)
(0.488456 -0.962829 6.64995e-16)
(0.485862 -0.962579 6.7468e-16)
(0.483213 -0.962697 6.83121e-16)
(0.48053 -0.9631 6.97526e-16)
(0.477847 -0.963743 6.92118e-16)
(0.475192 -0.964577 6.62137e-16)
(0.472586 -0.965549 6.6986e-16)
(0.47005 -0.966613 6.70088e-16)
(0.467603 -0.967728 6.46975e-16)
(0.465264 -0.96886 6.8336e-16)
(0.463049 -0.969984 6.88172e-16)
(0.460972 -0.971075 6.69437e-16)
(0.459043 -0.972117 6.65245e-16)
(0.457268 -0.973095 6.62853e-16)
(0.455652 -0.974 6.9998e-16)
(0.454195 -0.974824 7.21557e-16)
(0.452893 -0.975563 7.24423e-16)
(0.451742 -0.976217 6.89449e-16)
(0.450734 -0.976787 6.94499e-16)
(0.449859 -0.977276 7.36468e-16)
(0.449105 -0.977689 7.44207e-16)
(0.448462 -0.978033 7.4823e-16)
(0.447918 -0.978312 7.3668e-16)
(0.44746 -0.978534 6.94389e-16)
(0.447076 -0.978707 6.5681e-16)
(0.446757 -0.978836 6.41383e-16)
(0.446492 -0.978928 6.19608e-16)
(0.446271 -0.97899 5.79555e-16)
(0.446088 -0.979026 5.64856e-16)
(0.445934 -0.979041 5.82394e-16)
(0.445804 -0.979039 5.90793e-16)
(0.445693 -0.979024 5.91638e-16)
(0.445597 -0.978998 5.92875e-16)
(0.445513 -0.978964 5.49566e-16)
(0.445437 -0.978924 5.53495e-16)
(0.445368 -0.97888 5.50426e-16)
(0.445304 -0.978832 5.26999e-16)
(0.445243 -0.978782 5.25625e-16)
(0.445185 -0.978729 5.50823e-16)
(0.44513 -0.978676 5.56717e-16)
(0.445076 -0.978622 6.02841e-16)
(0.445022 -0.978567 6.31744e-16)
(0.44497 -0.978512 5.91985e-16)
(0.444918 -0.978457 5.96618e-16)
(0.444867 -0.978401 5.69338e-16)
(0.444816 -0.978345 5.31022e-16)
(0.444766 -0.97829 5.67488e-16)
(0.444715 -0.978234 6.00564e-16)
(0.444665 -0.978179 6.62778e-16)
(0.444615 -0.978124 6.06815e-16)
(0.444565 -0.978068 6.51243e-16)
(0.444515 -0.978013 6.11335e-16)
(0.444466 -0.977958 5.87056e-16)
(0.444417 -0.977903 6.26426e-16)
(0.444367 -0.977848 5.66215e-16)
(0.444318 -0.977793 5.26047e-16)
(0.444269 -0.977738 5.08414e-16)
(0.444221 -0.977684 5.66157e-16)
(0.444172 -0.977629 5.54309e-16)
(0.444123 -0.977575 5.63069e-16)
(0.444075 -0.97752 5.17037e-16)
(0.444027 -0.977466 6.06759e-16)
(0.443979 -0.977412 5.83117e-16)
(0.443931 -0.977358 5.53874e-16)
(0.443883 -0.977304 5.3508e-16)
(0.443835 -0.97725 5.00601e-16)
(0.443787 -0.977197 4.92173e-16)
(0.443739 -0.977143 4.98725e-16)
(0.443691 -0.97709 4.61677e-16)
(0.443642 -0.977037 4.45065e-16)
(0.443593 -0.976984 4.66225e-16)
(0.443543 -0.976932 3.99601e-16)
(0.443492 -0.97688 3.7055e-16)
(0.44344 -0.976829 4.16436e-16)
(0.443386 -0.976778 4.36823e-16)
(0.443329 -0.976728 4.12254e-16)
(0.44327 -0.97668 4.54615e-16)
(0.443207 -0.976632 4.47147e-16)
(0.44314 -0.976587 4.44576e-16)
(0.44307 -0.976543 4.71991e-16)
(0.442996 -0.976501 5.01898e-16)
(0.442918 -0.976461 5.59493e-16)
(0.442838 -0.976422 5.42426e-16)
(0.442757 -0.976385 5.66455e-16)
(0.442677 -0.976348 5.86916e-16)
(0.442601 -0.976311 5.24503e-16)
(0.442531 -0.976272 5.31235e-16)
(0.442472 -0.976228 4.76659e-16)
(0.442424 -0.976178 4.00403e-16)
(0.442391 -0.976121 3.53334e-16)
(0.442375 -0.976057 3.69162e-16)
(0.442376 -0.975983 4.2493e-16)
(0.442394 -0.975898 4.64041e-16)
(0.442426 -0.975805 4.31569e-16)
(0.442471 -0.975707 3.72516e-16)
(0.442528 -0.975606 4.00983e-16)
(0.442592 -0.975498 4.13096e-16)
(0.442638 -0.975339 3.64542e-16)
(0.442582 -0.975051 3.36962e-16)
(0.442346 -0.974709 3.673e-16)
(0.44202 -0.974618 3.74585e-16)
(0.441791 -0.97475 4.52607e-16)
)
;
    }
    inlet
    {
        type            calculated;
        value           uniform (0 0 0);
    }
    rWedge
    {
        type            wedge;
    }
    lWedge
    {
        type            wedge;
    }
    outlet
    {
        type            calculated;
        value           nonuniform 0();
    }
    procBoundary2to0
    {
        type            processor;
        value           uniform (0 0 0);
    }
    procBoundary2to1
    {
        type            processor;
        value           uniform (0 0 0);
    }
    procBoundary2to3
    {
        type            processor;
        value           uniform (0 0 0);
    }
}


// ************************************************************************* //
