/*--------------------------------*- C++ -*----------------------------------*\
| =========                 |                                                 |
| \\      /  F ield         | OpenFOAM: The Open Source CFD Toolbox           |
|  \\    /   O peration     | Version:  v1706                                 |
|   \\  /    A nd           | Web:      www.OpenFOAM.com                      |
|    \\/     M anipulation  |                                                 |
\*---------------------------------------------------------------------------*/
FoamFile
{
    version     2.0;
    format      ascii;
    class       volVectorField;
    location    "5e-06";
    object      wallShearStress;
}
// * * * * * * * * * * * * * * * * * * * * * * * * * * * * * * * * * * * * * //

dimensions      [1 -1 -2 0 0 0 0];


internalField   uniform (0 0 0);

boundaryField
{
    cone
    {
        type            calculated;
        value           nonuniform List<vector> 
119
(
(0.245945 -0.538412 -5.84377e-17)
(0.245889 -0.538382 6.40428e-17)
(0.245877 -0.538316 1.34962e-16)
(0.245893 -0.538236 1.51811e-16)
(0.245929 -0.53815 9.19251e-17)
(0.245967 -0.538064 2.85055e-16)
(0.245991 -0.537985 2.27097e-16)
(0.245989 -0.537919 1.16083e-16)
(0.24596 -0.537866 -6.742e-17)
(0.245911 -0.537816 -1.20661e-16)
(0.245849 -0.537771 -2.9414e-17)
(0.245784 -0.537728 9.05167e-17)
(0.245719 -0.537685 4.35918e-16)
(0.24566 -0.537641 5.57755e-16)
(0.245606 -0.537595 5.51252e-16)
(0.245558 -0.537547 3.04249e-16)
(0.245514 -0.537497 4.44973e-16)
(0.245473 -0.537446 3.37516e-16)
(0.245434 -0.537394 2.23057e-16)
(0.245397 -0.537341 -6.41831e-17)
(0.245361 -0.537288 -2.455e-16)
(0.245325 -0.537235 -1.19107e-16)
(0.24529 -0.537182 -1.05096e-16)
(0.245254 -0.537129 2.82374e-16)
(0.245219 -0.537076 4.37155e-16)
(0.245184 -0.537024 3.45681e-16)
(0.245149 -0.536971 2.26495e-16)
(0.245114 -0.536918 1.08522e-16)
(0.245079 -0.536866 1.43834e-16)
(0.245045 -0.536813 2.94148e-16)
(0.24501 -0.536761 1.94717e-16)
(0.244976 -0.536709 9.85879e-17)
(0.244941 -0.536657 4.03081e-16)
(0.244907 -0.536605 2.28613e-16)
(0.244872 -0.536553 4.10948e-16)
(0.244838 -0.536501 4.75347e-16)
(0.244804 -0.536449 6.09693e-16)
(0.24477 -0.536397 4.23338e-16)
(0.244736 -0.536346 3.94852e-16)
(0.244703 -0.536294 3.3335e-16)
(0.244669 -0.536243 4.58616e-17)
(0.244635 -0.536192 1.60766e-16)
(0.244602 -0.53614 1.23584e-16)
(0.244569 -0.536089 -3.99325e-17)
(0.244535 -0.536038 -1.12961e-18)
(0.244502 -0.535987 -1.09266e-16)
(0.244469 -0.535937 2.9454e-16)
(0.244436 -0.535886 6.58159e-16)
(0.244403 -0.535835 3.26715e-16)
(0.24437 -0.535785 3.2676e-16)
(0.244337 -0.535734 2.84169e-16)
(0.244304 -0.535684 2.24975e-16)
(0.244272 -0.535634 2.35987e-16)
(0.244239 -0.535584 2.55414e-16)
(0.244207 -0.535534 -4.3303e-18)
(0.244174 -0.535484 3.15444e-16)
(0.244142 -0.535434 3.49475e-16)
(0.24411 -0.535384 8.28717e-17)
(0.244078 -0.535334 -2.57228e-18)
(0.244046 -0.535285 8.19466e-17)
(0.244014 -0.535235 2.13152e-16)
(0.243982 -0.535186 2.4566e-16)
(0.24395 -0.535137 1.96758e-16)
(0.243918 -0.535087 9.1666e-17)
(0.243887 -0.535038 9.49806e-17)
(0.243855 -0.534989 -9.58021e-19)
(0.243824 -0.53494 6.12561e-17)
(0.243792 -0.534891 -6.21197e-17)
(0.243761 -0.534843 -6.23307e-17)
(0.24373 -0.534794 -4.95391e-17)
(0.243699 -0.534745 8.78765e-18)
(0.243668 -0.534697 1.86564e-17)
(0.243637 -0.534649 3.41932e-17)
(0.243606 -0.5346 1.81458e-16)
(0.243575 -0.534552 1.32159e-16)
(0.243544 -0.534504 2.50375e-16)
(0.243514 -0.534456 2.35168e-16)
(0.243483 -0.534408 1.4868e-16)
(0.243452 -0.53436 2.56849e-16)
(0.243422 -0.534313 5.55477e-17)
(0.243392 -0.534265 3.16669e-16)
(0.243361 -0.534217 2.8149e-16)
(0.243331 -0.53417 1.66993e-16)
(0.243301 -0.534122 2.25277e-16)
(0.243271 -0.534075 2.49358e-16)
(0.243241 -0.534028 4.43676e-16)
(0.243211 -0.533981 3.03503e-16)
(0.243181 -0.533934 7.59791e-18)
(0.243152 -0.533887 1.00615e-16)
(0.243122 -0.53384 8.71819e-17)
(0.243092 -0.533793 8.51014e-17)
(0.243063 -0.533747 6.14125e-17)
(0.243033 -0.5337 -1.05037e-16)
(0.243004 -0.533653 5.06258e-17)
(0.242974 -0.533607 9.15988e-17)
(0.242945 -0.533561 -5.69012e-17)
(0.242916 -0.533514 -2.38415e-16)
(0.242887 -0.533468 2.61936e-16)
(0.242858 -0.533422 3.23791e-16)
(0.242829 -0.533376 5.92734e-16)
(0.2428 -0.53333 4.80885e-16)
(0.242771 -0.533285 1.85128e-16)
(0.24274 -0.53324 2.49655e-16)
(0.242706 -0.533198 2.35722e-16)
(0.24265 -0.533158 -2.72381e-16)
(0.24252 -0.533116 -1.14053e-16)
(0.24224 -0.533133 -2.4968e-16)
(0.241613 -0.533312 -2.54793e-16)
(0.24024 -0.53386 -1.21252e-16)
(0.237542 -0.535126 -1.1105e-17)
(0.232762 -0.537615 4.74631e-17)
(0.22529 -0.541835 -4.59238e-17)
(0.21507 -0.54781 2.33587e-16)
(0.202712 -0.554538 -9.01624e-17)
(0.188836 -0.559401 1.72545e-16)
(0.171769 -0.559185 -4.70107e-17)
(0.146943 -0.555083 3.86412e-18)
(0.108911 -0.556908 1.64903e-16)
(0.139559 -0.598991 4.86835e-17)
)
;
    }
    inlet
    {
        type            calculated;
        value           uniform (0 0 0);
    }
    rWedge
    {
        type            wedge;
    }
    lWedge
    {
        type            wedge;
    }
    outlet
    {
        type            calculated;
        value           uniform (0 0 0);
    }
    procBoundary0to1
    {
        type            processor;
        value           uniform (0 0 0);
    }
    procBoundary0to2
    {
        type            processor;
        value           uniform (0 0 0);
    }
}


// ************************************************************************* //
