/*--------------------------------*- C++ -*----------------------------------*\
| =========                 |                                                 |
| \\      /  F ield         | OpenFOAM: The Open Source CFD Toolbox           |
|  \\    /   O peration     | Version:  v1706                                 |
|   \\  /    A nd           | Web:      www.OpenFOAM.com                      |
|    \\/     M anipulation  |                                                 |
\*---------------------------------------------------------------------------*/
FoamFile
{
    version     2.0;
    format      ascii;
    class       volVectorField;
    location    "1.2e-05";
    object      wallShearStress;
}
// * * * * * * * * * * * * * * * * * * * * * * * * * * * * * * * * * * * * * //

dimensions      [1 -1 -2 0 0 0 0];


internalField   uniform (0 0 0);

boundaryField
{
    cone
    {
        type            calculated;
        value           nonuniform List<vector> 
181
(
(-27.6409 -26.1491 -4.66142e-14)
(-28.0844 -27.0991 -4.66222e-14)
(-28.8203 -28.1069 -4.52286e-14)
(-29.8954 -29.1487 -5.12671e-14)
(-31.3505 -30.1963 -4.99146e-14)
(-33.2178 -31.2165 -5.09575e-14)
(-35.5156 -32.1721 -5.43505e-14)
(-38.2437 -33.0229 -5.89326e-14)
(-41.3762 -33.7292 -6.23776e-14)
(-44.8577 -34.2556 -5.99248e-14)
(-48.6007 -34.5764 -6.50189e-14)
(-52.4911 -34.6798 -6.50829e-14)
(-56.4008 -34.5687 -7.05448e-14)
(-60.2084 -34.254 -7.05518e-14)
(-63.8222 -33.7384 -7.01101e-14)
(-67.1962 -32.9939 -6.94349e-14)
(-70.2537 -31.9986 -7.29184e-14)
(-73.072 -30.8039 -7.24287e-14)
(-75.6581 -29.2777 -7.54046e-14)
(-78.0021 -27.2837 -6.34212e-14)
(-80.1323 -24.7598 -6.12286e-14)
(-82.0186 -21.5962 -6.24331e-14)
(-83.5951 -17.7078 -6.34404e-14)
(-84.7832 -12.9758 -6.08319e-14)
(-85.4767 -7.33653 -6.11617e-14)
(-85.5452 -0.78336 -5.63871e-14)
(-84.8392 6.57542 -5.54271e-14)
(-83.1816 14.456 -5.2975e-14)
(-80.4122 22.3399 -5.19687e-14)
(-76.4049 29.5309 -4.97691e-14)
(-71.1681 35.2762 -4.2623e-14)
(-64.8862 39.0115 -3.4229e-14)
(-57.9165 40.5429 -3.26073e-14)
(-50.7044 40.0713 -3.13243e-14)
(-43.6698 38.0628 -2.18141e-14)
(-37.1257 35.0663 -2.16075e-14)
(-31.2528 31.5739 -1.6526e-14)
(-26.1172 27.9547 -1.88424e-14)
(-21.7042 24.4484 -1.86719e-14)
(-17.9527 21.1885 -1.93907e-14)
(-14.7811 18.2334 -1.50912e-14)
(-12.1041 15.5947 -1.41122e-14)
(-9.84143 13.2575 -1.32696e-14)
(-7.92244 11.1944 -1.63564e-14)
(-6.28701 9.3732 -1.67913e-14)
(-4.88515 7.76208 -1.37606e-14)
(-3.67591 6.33155 -1.40258e-14)
(-2.62591 5.05542 -1.14449e-14)
(-1.70799 3.91088 -1.32799e-14)
(-0.899689 2.87754 -1.12006e-14)
(-0.186861 1.93834 -9.82671e-15)
(0.44913 1.08573 -1.05125e-14)
(1.02156 0.306756 -1.27979e-14)
(1.53363 -0.41642 -1.37113e-14)
(1.99707 -1.08602 -1.51676e-14)
(2.41769 -1.70885 -1.45277e-14)
(2.80078 -2.29099 -1.13455e-14)
(3.15086 -2.83751 -1.12407e-14)
(3.47174 -3.35273 -1.12378e-14)
(3.76665 -3.84047 -1.22461e-14)
(4.03835 -4.30405 -1.33459e-14)
(4.28919 -4.74638 -1.31245e-14)
(4.52118 -5.17006 -1.30441e-14)
(4.73605 -5.5773 -1.25878e-14)
(4.93512 -5.97026 -1.39813e-14)
(5.12013 -6.35059 -1.22524e-14)
(5.29171 -6.72009 -1.28067e-14)
(5.45099 -7.08027 -1.56655e-14)
(5.5988 -7.4325 -1.18813e-14)
(5.73585 -7.77806 -1.31854e-14)
(5.86272 -8.11814 -1.54527e-14)
(5.97991 -8.45383 -1.42889e-14)
(6.08783 -8.78615 -1.49113e-14)
(6.18681 -9.11607 -1.41422e-14)
(6.27708 -9.44447 -1.41348e-14)
(6.35881 -9.7722 -1.28609e-14)
(6.43209 -10.1001 -1.34079e-14)
(6.49694 -10.4289 -1.31587e-14)
(6.55331 -10.7593 -1.12219e-14)
(6.60106 -11.092 -1.71867e-14)
(6.64 -11.4277 -1.82656e-14)
(6.66985 -11.7671 -1.53184e-14)
(6.69025 -12.1107 -1.7501e-14)
(6.70075 -12.4592 -1.79602e-14)
(6.70084 -12.8132 -1.72977e-14)
(6.68989 -13.1731 -1.6572e-14)
(6.66718 -13.5396 -1.54506e-14)
(6.63186 -13.9131 -1.79087e-14)
(6.58298 -14.2942 -1.87315e-14)
(6.51943 -14.6832 -1.70155e-14)
(6.43998 -15.0805 -2.12306e-14)
(6.34319 -15.4865 -2.1004e-14)
(6.22746 -15.9014 -2.41259e-14)
(6.09094 -16.3252 -2.28866e-14)
(5.93156 -16.7582 -2.51028e-14)
(5.74695 -17.1999 -2.52837e-14)
(5.53444 -17.6502 -2.42289e-14)
(5.29095 -18.1082 -2.72163e-14)
(5.01304 -18.573 -2.37412e-14)
(4.69672 -19.0431 -2.17037e-14)
(4.33749 -19.5164 -2.63805e-14)
(3.93021 -19.9901 -2.82632e-14)
(3.46899 -20.4605 -2.59891e-14)
(2.94714 -20.9225 -2.95514e-14)
(2.35701 -21.3697 -2.41588e-14)
(1.68992 -21.7935 -3.10243e-14)
(0.935997 -22.1829 -2.32027e-14)
(0.084116 -22.5237 -2.74672e-14)
(-0.878173 -22.7975 -2.70202e-14)
(-1.96464 -22.9812 -3.03211e-14)
(-3.19013 -23.0452 -2.92879e-14)
(-4.57014 -22.9531 -3.20451e-14)
(-6.11978 -22.6604 -2.83041e-14)
(-7.85214 -22.1143 -2.29994e-14)
(-9.77556 -21.2554 -2.35187e-14)
(-11.8902 -20.0197 -2.27981e-14)
(-14.1841 -18.3432 -3.4175e-14)
(-16.628 -16.1697 -2.04417e-14)
(-19.1785 -13.4585 -4.00643e-14)
(-21.6544 -10.2232 -3.74761e-14)
(-24.063 -6.64509 -3.74321e-14)
(-26.1475 -2.82146 -4.00458e-14)
(-27.7371 0.968211 -3.28288e-14)
(-28.7124 4.41264 -3.58721e-14)
(-28.9766 7.24651 -2.97351e-14)
(-28.5098 9.24536 -3.99548e-14)
(-27.3753 10.2885 -2.14478e-14)
(-25.7302 10.4346 -3.49851e-14)
(-23.7895 9.8879 -2.23969e-14)
(-21.7602 8.90617 -3.76771e-14)
(-19.8016 7.72718 -3.51784e-14)
(-18.0145 6.53175 -2.52112e-14)
(-16.4471 5.4344 -1.80191e-14)
(-15.1077 4.49154 -2.60374e-14)
(-13.9798 3.71724 -2.42019e-14)
(-13.0343 3.09942 -2.39783e-14)
(-12.2383 2.61297 -2.8366e-14)
(-11.5608 2.22882 -2.8382e-14)
(-10.9751 1.91939 -3.052e-14)
(-10.4599 1.66136 -1.93763e-14)
(-9.99941 1.43654 -1.31422e-14)
(-9.582 1.23168 -2.51049e-14)
(-9.1997 1.03756 -2.76635e-14)
(-8.84693 0.847566 -2.73606e-14)
(-8.51842 0.65385 -1.98352e-14)
(-8.2192 0.460318 -1.90006e-14)
(-7.93587 0.269086 -1.85219e-14)
(-7.67587 0.0665426 -2.04232e-14)
(-7.43628 -0.141588 -3.00554e-14)
(-7.21661 -0.355535 -2.51983e-14)
(-7.0169 -0.575764 -2.21493e-14)
(-6.83728 -0.802358 -1.76465e-14)
(-6.67805 -1.03529 -1.4439e-14)
(-6.53963 -1.2746 -2.3379e-14)
(-6.42279 -1.51993 -2.06173e-14)
(-6.32858 -1.77063 -1.79761e-14)
(-6.25819 -2.02653 -2.20032e-14)
(-6.21339 -2.28679 -2.86365e-14)
(-6.19606 -2.54996 -3.06349e-14)
(-6.20901 -2.81427 -2.59536e-14)
(-6.25541 -3.07714 -2.60548e-14)
(-6.33902 -3.33511 -2.11207e-14)
(-6.46428 -3.58369 -3.05659e-14)
(-6.63616 -3.81728 -3.26639e-14)
(-6.86004 -4.02904 -1.29047e-14)
(-7.14138 -4.21093 -7.18983e-15)
(-7.48522 -4.35387 -2.52636e-14)
(-7.89601 -4.44825 -1.78162e-14)
(-8.37735 -4.48426 -2.62906e-14)
(-8.93081 -4.45192 -1.93225e-14)
(-9.55478 -4.34025 -4.35996e-14)
(-10.2432 -4.13786 -4.48432e-13)
(-10.9829 -3.83765 -3.7961e-12)
(-11.7509 -3.44463 -1.82734e-11)
(-12.5162 -2.97655 -6.07274e-11)
(-13.2476 -2.47105 -1.51736e-10)
(-13.8822 -1.92046 -2.97376e-10)
(-14.4758 -1.37492 -4.66239e-10)
(-14.9372 -0.84828 -6.05816e-10)
(-15.2274 -0.381397 -6.6328e-10)
(-15.3473 -0.00560586 -6.24638e-10)
)
;
    }
    inlet
    {
        type            calculated;
        value           uniform (0 0 0);
    }
    rWedge
    {
        type            wedge;
    }
    lWedge
    {
        type            wedge;
    }
    outlet
    {
        type            calculated;
        value           nonuniform 0();
    }
    procBoundary1to0
    {
        type            processor;
        value           uniform (0 0 0);
    }
    procBoundary1to2
    {
        type            processor;
        value           uniform (0 0 0);
    }
}


// ************************************************************************* //
