/*--------------------------------*- C++ -*----------------------------------*\
| =========                 |                                                 |
| \\      /  F ield         | OpenFOAM: The Open Source CFD Toolbox           |
|  \\    /   O peration     | Version:  v1706                                 |
|   \\  /    A nd           | Web:      www.OpenFOAM.com                      |
|    \\/     M anipulation  |                                                 |
\*---------------------------------------------------------------------------*/
FoamFile
{
    version     2.0;
    format      ascii;
    class       volVectorField;
    location    "4e-06";
    object      wallShearStress;
}
// * * * * * * * * * * * * * * * * * * * * * * * * * * * * * * * * * * * * * //

dimensions      [1 -1 -2 0 0 0 0];


internalField   uniform (0 0 0);

boundaryField
{
    cone
    {
        type            calculated;
        value           nonuniform List<vector> 
119
(
(0.320363 -0.705061 -6.77413e-17)
(0.320352 -0.705108 4.90291e-17)
(0.320426 -0.705062 1.19957e-16)
(0.320516 -0.704979 1.40377e-16)
(0.320575 -0.704895 8.10238e-17)
(0.320595 -0.704814 2.64906e-16)
(0.320567 -0.70476 2.05749e-16)
(0.320508 -0.704726 9.75648e-17)
(0.320433 -0.704701 -8.09894e-17)
(0.320355 -0.704677 -1.39633e-16)
(0.320283 -0.704649 -5.34876e-17)
(0.32022 -0.704616 6.55927e-17)
(0.320167 -0.704578 3.79503e-16)
(0.320122 -0.704537 4.85488e-16)
(0.320082 -0.704493 4.8333e-16)
(0.320046 -0.704448 2.58429e-16)
(0.320012 -0.704401 4.02653e-16)
(0.319979 -0.704354 3.00778e-16)
(0.319946 -0.704306 1.95712e-16)
(0.319914 -0.704259 -7.10871e-17)
(0.319882 -0.704212 -2.37071e-16)
(0.31985 -0.704165 -1.18026e-16)
(0.319819 -0.704117 -1.06606e-16)
(0.319787 -0.704071 2.48061e-16)
(0.319756 -0.704024 3.84927e-16)
(0.319724 -0.703977 3.04326e-16)
(0.319693 -0.70393 2.04548e-16)
(0.319662 -0.703884 8.73968e-17)
(0.31963 -0.703837 1.22711e-16)
(0.319599 -0.703791 2.65679e-16)
(0.319568 -0.703745 1.77328e-16)
(0.319537 -0.703699 5.90785e-17)
(0.319506 -0.703653 3.57623e-16)
(0.319476 -0.703607 1.92205e-16)
(0.319445 -0.703561 3.59342e-16)
(0.319414 -0.703515 4.15964e-16)
(0.319384 -0.703469 5.3702e-16)
(0.319353 -0.703424 3.70873e-16)
(0.319323 -0.703379 3.50536e-16)
(0.319293 -0.703333 2.85608e-16)
(0.319262 -0.703288 1.35998e-17)
(0.319232 -0.703243 1.38862e-16)
(0.319202 -0.703198 9.40539e-17)
(0.319172 -0.703153 -5.41268e-17)
(0.319142 -0.703109 -4.71333e-18)
(0.319113 -0.703064 -1.11835e-16)
(0.319083 -0.703019 2.69495e-16)
(0.319053 -0.702975 6.13533e-16)
(0.319023 -0.702931 2.9146e-16)
(0.318994 -0.702887 2.94736e-16)
(0.318964 -0.702843 2.48338e-16)
(0.318935 -0.702799 1.81019e-16)
(0.318906 -0.702755 2.05205e-16)
(0.318877 -0.702711 2.25349e-16)
(0.318848 -0.702667 -1.65417e-17)
(0.318818 -0.702623 2.8693e-16)
(0.318789 -0.70258 3.22774e-16)
(0.31876 -0.702537 6.68348e-17)
(0.318732 -0.702493 -1.98148e-17)
(0.318703 -0.70245 5.28363e-17)
(0.318674 -0.702407 1.72655e-16)
(0.318645 -0.702364 2.24965e-16)
(0.318617 -0.702321 1.90465e-16)
(0.318588 -0.702279 8.89431e-17)
(0.31856 -0.702236 8.60586e-17)
(0.318532 -0.702193 -1.10663e-17)
(0.318503 -0.702151 5.25179e-17)
(0.318475 -0.702108 -5.99778e-17)
(0.318447 -0.702066 -5.35371e-17)
(0.318419 -0.702024 -4.54984e-17)
(0.318391 -0.701982 8.00444e-18)
(0.318363 -0.70194 5.45932e-18)
(0.318335 -0.701898 1.13263e-17)
(0.318307 -0.701857 1.63155e-16)
(0.31828 -0.701815 1.09622e-16)
(0.318252 -0.701773 2.25293e-16)
(0.318224 -0.701732 2.09207e-16)
(0.318197 -0.70169 1.25937e-16)
(0.318169 -0.701649 2.3783e-16)
(0.318142 -0.701608 4.09731e-17)
(0.318114 -0.701567 2.78599e-16)
(0.318087 -0.701526 2.43942e-16)
(0.31806 -0.701485 1.33298e-16)
(0.318033 -0.701444 1.8067e-16)
(0.318006 -0.701403 2.16725e-16)
(0.317979 -0.701363 3.95435e-16)
(0.317952 -0.701322 2.59727e-16)
(0.317925 -0.701282 -1.134e-17)
(0.317898 -0.701241 8.63745e-17)
(0.317871 -0.701201 8.4459e-17)
(0.317844 -0.701161 7.77512e-17)
(0.317818 -0.701121 4.97391e-17)
(0.317791 -0.701081 -1.00221e-16)
(0.317765 -0.701041 5.13325e-17)
(0.317738 -0.701001 7.92915e-17)
(0.317712 -0.700962 -5.25509e-17)
(0.317685 -0.700922 -2.23498e-16)
(0.317659 -0.700882 2.38964e-16)
(0.317633 -0.700843 2.71349e-16)
(0.317606 -0.700804 5.26875e-16)
(0.31758 -0.700765 4.30017e-16)
(0.317554 -0.700725 1.53648e-16)
(0.317528 -0.700686 2.16314e-16)
(0.317503 -0.700647 2.04524e-16)
(0.317476 -0.700609 -2.65448e-16)
(0.317447 -0.700572 -1.15619e-16)
(0.317393 -0.700531 -2.30413e-16)
(0.317258 -0.70049 -2.29776e-16)
(0.316911 -0.700524 -1.33429e-16)
(0.31603 -0.700781 -2.20584e-17)
(0.313935 -0.701591 2.67214e-17)
(0.309557 -0.703549 -6.94301e-17)
(0.301711 -0.707507 2.06422e-16)
(0.289985 -0.713828 -8.4742e-17)
(0.2751 -0.720663 1.59464e-16)
(0.256464 -0.722438 -5.39586e-17)
(0.229864 -0.719699 3.00712e-18)
(0.189542 -0.725051 1.49758e-16)
(0.226202 -0.77354 2.04051e-17)
)
;
    }
    inlet
    {
        type            calculated;
        value           uniform (0 0 0);
    }
    rWedge
    {
        type            wedge;
    }
    lWedge
    {
        type            wedge;
    }
    outlet
    {
        type            calculated;
        value           uniform (0 0 0);
    }
    procBoundary0to1
    {
        type            processor;
        value           uniform (0 0 0);
    }
    procBoundary0to2
    {
        type            processor;
        value           uniform (0 0 0);
    }
}


// ************************************************************************* //
