/*--------------------------------*- C++ -*----------------------------------*\
| =========                 |                                                 |
| \\      /  F ield         | OpenFOAM: The Open Source CFD Toolbox           |
|  \\    /   O peration     | Version:  v1706                                 |
|   \\  /    A nd           | Web:      www.OpenFOAM.com                      |
|    \\/     M anipulation  |                                                 |
\*---------------------------------------------------------------------------*/
FoamFile
{
    version     2.0;
    format      ascii;
    class       volVectorField;
    location    "8e-06";
    object      wallShearStress;
}
// * * * * * * * * * * * * * * * * * * * * * * * * * * * * * * * * * * * * * //

dimensions      [1 -1 -2 0 0 0 0];


internalField   uniform (0 0 0);

boundaryField
{
    cone
    {
        type            calculated;
        value           nonuniform List<vector> 
119
(
(-71.1609 -22.0299 -1.20622e-09)
(-72.8691 -21.6641 -5.50788e-10)
(-74.6685 -21.238 -2.26006e-10)
(-76.5686 -20.7421 -8.42284e-11)
(-78.5806 -20.1648 -2.87829e-11)
(-80.7175 -19.4919 -9.08149e-12)
(-82.9951 -18.7053 -2.68801e-12)
(-85.4325 -17.7817 -7.68533e-13)
(-88.0531 -16.6914 -2.40673e-13)
(-90.8859 -15.3954 -1.02347e-13)
(-93.9676 -13.8422 -6.70638e-14)
(-97.3451 -11.9615 -6.31929e-14)
(-101.08 -9.65612 -3.77268e-14)
(-105.257 -6.78705 -3.72826e-14)
(-109.992 -3.14913 -3.102e-14)
(-115.453 1.56896 -5.10531e-14)
(-121.891 7.85156 -4.12009e-14)
(-129.676 16.4587 -4.70274e-14)
(-139.362 28.5744 -4.58618e-14)
(-151.74 45.9865 -5.70873e-14)
(-167.847 71.2077 -6.49205e-14)
(-188.817 107.351 -5.35296e-14)
(-215.413 157.371 -5.35195e-14)
(-247.138 222.346 -3.7841e-14)
(-281.285 299.187 -2.96296e-14)
(-312.518 378.826 -3.33371e-14)
(-334.11 447.842 -3.24742e-14)
(-341.41 494.369 -2.70462e-14)
(-333.94 513.448 -2.08663e-14)
(-314.575 507.273 -1.52918e-14)
(-287.691 482.061 -1.08175e-14)
(-257.133 444.667 -1.04477e-14)
(-225.781 400.89 -5.54411e-15)
(-195.411 354.767 -4.37668e-15)
(-166.987 308.936 -1.52585e-15)
(-140.97 265.011 -9.65291e-16)
(-117.533 223.964 6.40101e-16)
(-96.7027 186.375 -1.03618e-16)
(-78.4289 152.588 1.18082e-16)
(-62.6205 122.775 2.40805e-16)
(-49.157 96.9783 -3.24203e-16)
(-37.8924 75.1204 -8.63344e-17)
(-28.6551 57.0166 4.06966e-17)
(-21.2497 42.3902 -1.02244e-16)
(-15.4546 30.8801 -5.98013e-17)
(-11.0229 22.0446 -1.5255e-16)
(-7.7113 15.4256 3.16436e-16)
(-5.2927 10.5841 7.22876e-16)
(-3.56343 7.12036 3.7963e-16)
(-2.34728 4.68392 3.89024e-16)
(-1.50916 3.00384 3.54217e-16)
(-0.940994 1.86452 2.9231e-16)
(-0.561193 1.1028 3.01589e-16)
(-0.310563 0.600109 3.18724e-16)
(-0.147137 0.27231 6.62383e-17)
(-0.0417543 0.0609178 3.88005e-16)
(0.0254541 -0.0738716 4.13712e-16)
(0.0679147 -0.159044 1.47496e-16)
(0.0944648 -0.212309 4.87363e-17)
(0.110909 -0.245307 1.21513e-16)
(0.120998 -0.265562 2.68041e-16)
(0.12713 -0.277884 2.96046e-16)
(0.130823 -0.28531 2.25844e-16)
(0.133024 -0.289745 1.15735e-16)
(0.13432 -0.292369 1.09349e-16)
(0.135072 -0.2939 1.73859e-18)
(0.135501 -0.294782 6.8768e-17)
(0.135738 -0.29528 -5.19263e-17)
(0.135862 -0.295552 -5.49501e-17)
(0.135921 -0.295692 -5.01404e-17)
(0.135941 -0.295754 2.2499e-17)
(0.135939 -0.295773 4.23051e-17)
(0.135925 -0.295766 6.45869e-17)
(0.135903 -0.295745 2.18805e-16)
(0.135878 -0.295715 1.61441e-16)
(0.13585 -0.295681 2.82948e-16)
(0.135821 -0.295644 2.61115e-16)
(0.135791 -0.295606 1.80332e-16)
(0.135761 -0.295567 2.95005e-16)
(0.135731 -0.295528 8.74639e-17)
(0.135701 -0.295488 3.60827e-16)
(0.13567 -0.295448 3.30667e-16)
(0.13564 -0.295408 2.35902e-16)
(0.13561 -0.295369 2.87427e-16)
(0.13558 -0.295329 3.28762e-16)
(0.13555 -0.295289 5.02347e-16)
(0.135521 -0.29525 3.5292e-16)
(0.135491 -0.29521 5.56733e-17)
(0.135461 -0.295171 1.17875e-16)
(0.135432 -0.295131 9.15313e-17)
(0.135403 -0.295092 8.67287e-17)
(0.135373 -0.295052 5.62775e-17)
(0.135344 -0.295013 -9.70623e-17)
(0.135315 -0.294974 5.71378e-17)
(0.135285 -0.294935 1.07656e-16)
(0.135254 -0.294897 -2.68215e-17)
(0.135221 -0.29486 -1.92634e-16)
(0.135183 -0.294826 3.11587e-16)
(0.135132 -0.2948 4.01734e-16)
(0.135049 -0.294784 6.66449e-16)
(0.134882 -0.294788 5.54635e-16)
(0.13459 -0.294852 2.52746e-16)
(0.134083 -0.295055 3.01292e-16)
(0.133178 -0.295497 2.67107e-16)
(0.131667 -0.296324 -2.45688e-16)
(0.129296 -0.297727 -1.04304e-16)
(0.125812 -0.299915 -2.48584e-16)
(0.121038 -0.303037 -2.66944e-16)
(0.114946 -0.307092 -1.06613e-16)
(0.107692 -0.311842 1.26198e-17)
(0.0995777 -0.316787 7.18062e-17)
(0.090941 -0.321259 -1.02899e-17)
(0.082034 -0.324539 2.71381e-16)
(0.0727256 -0.325707 -5.47252e-17)
(0.062223 -0.324718 2.30538e-16)
(0.0494099 -0.324767 5.17976e-18)
(0.032387 -0.321868 6.30704e-17)
(-0.00140328 -0.319568 2.14288e-16)
(0.0155256 -0.347422 1.00631e-16)
)
;
    }
    inlet
    {
        type            calculated;
        value           uniform (0 0 0);
    }
    rWedge
    {
        type            wedge;
    }
    lWedge
    {
        type            wedge;
    }
    outlet
    {
        type            calculated;
        value           uniform (0 0 0);
    }
    procBoundary0to1
    {
        type            processor;
        value           uniform (0 0 0);
    }
    procBoundary0to2
    {
        type            processor;
        value           uniform (0 0 0);
    }
}


// ************************************************************************* //
