/*--------------------------------*- C++ -*----------------------------------*\
| =========                 |                                                 |
| \\      /  F ield         | OpenFOAM: The Open Source CFD Toolbox           |
|  \\    /   O peration     | Version:  v1706                                 |
|   \\  /    A nd           | Web:      www.OpenFOAM.com                      |
|    \\/     M anipulation  |                                                 |
\*---------------------------------------------------------------------------*/
FoamFile
{
    version     2.0;
    format      ascii;
    class       volVectorField;
    location    "9e-06";
    object      wallShearStress;
}
// * * * * * * * * * * * * * * * * * * * * * * * * * * * * * * * * * * * * * //

dimensions      [1 -1 -2 0 0 0 0];


internalField   uniform (0 0 0);

boundaryField
{
    cone
    {
        type            calculated;
        value           nonuniform List<vector> 
147
(
(4.36948 -4.44494 -1.33434e-12)
(4.39331 -6.76669 -1.71856e-12)
(4.30379 -9.37815 -3.45832e-12)
(4.19012 -11.9778 -4.27061e-12)
(4.03494 -14.6071 -5.28737e-12)
(3.84942 -17.2232 -5.91531e-12)
(3.63038 -19.8443 -6.61549e-12)
(3.38104 -22.4532 -7.2809e-12)
(3.09969 -25.0593 -7.87824e-12)
(2.78826 -27.6533 -8.20667e-12)
(2.44559 -30.2404 -8.63516e-12)
(2.07311 -32.8151 -8.99128e-12)
(1.67 -35.3803 -9.30836e-12)
(1.23738 -37.9325 -9.39949e-12)
(0.774727 -40.4732 -9.45657e-12)
(0.282911 -43.0002 -9.44862e-12)
(-0.238328 -45.514 -9.49759e-12)
(-0.788308 -48.0131 -9.47501e-12)
(-1.36707 -50.4974 -9.42112e-12)
(-1.97587 -52.9649 -9.35561e-12)
(-2.61587 -55.414 -9.25e-12)
(-3.27969 -57.8474 -9.12582e-12)
(-3.97086 -60.2638 -8.92169e-12)
(-4.68908 -62.6615 -8.7907e-12)
(-5.43406 -65.04 -8.54919e-12)
(-6.20542 -67.3985 -8.35651e-12)
(-7.00278 -69.7361 -8.1068e-12)
(-7.82575 -72.0524 -7.93415e-12)
(-8.67391 -74.3464 -7.67828e-12)
(-9.54683 -76.6175 -7.41196e-12)
(-10.4441 -78.8651 -7.19869e-12)
(-11.3652 -81.0883 -6.94342e-12)
(-12.3097 -83.2866 -6.67241e-12)
(-13.2772 -85.4592 -6.47515e-12)
(-14.2671 -87.6056 -6.21298e-12)
(-15.2791 -89.724 -6.0215e-12)
(-16.3125 -91.8143 -5.80785e-12)
(-17.3668 -93.8773 -5.54269e-12)
(-18.4414 -95.9118 -5.31212e-12)
(-19.5358 -97.917 -5.07153e-12)
(-20.6495 -99.8923 -4.87021e-12)
(-21.782 -101.837 -4.74734e-12)
(-22.9326 -103.751 -4.54612e-12)
(-24.1008 -105.633 -4.31534e-12)
(-25.286 -107.483 -4.12571e-12)
(-26.4875 -109.3 -3.96784e-12)
(-27.7049 -111.084 -3.8113e-12)
(-28.9374 -112.835 -3.64695e-12)
(-30.1844 -114.551 -3.47835e-12)
(-31.4454 -116.233 -3.29828e-12)
(-32.7196 -117.88 -3.16497e-12)
(-34.0065 -119.492 -3.02694e-12)
(-35.3053 -121.067 -2.89972e-12)
(-36.6151 -122.606 -2.74923e-12)
(-37.9356 -124.109 -2.62221e-12)
(-39.2664 -125.574 -2.50381e-12)
(-40.6066 -127.003 -2.41419e-12)
(-41.9555 -128.394 -2.28066e-12)
(-43.3122 -129.748 -2.20319e-12)
(-44.6763 -131.063 -2.08794e-12)
(-46.047 -132.34 -1.98634e-12)
(-47.4237 -133.578 -1.91312e-12)
(-48.8055 -134.777 -1.86002e-12)
(-50.1919 -135.937 -1.78805e-12)
(-51.5822 -137.058 -1.68452e-12)
(-52.9758 -138.139 -1.59202e-12)
(-54.3716 -139.181 -1.52218e-12)
(-55.7692 -140.182 -1.43252e-12)
(-57.1679 -141.144 -1.3821e-12)
(-58.567 -142.065 -1.29304e-12)
(-59.9658 -142.946 -1.28341e-12)
(-61.3634 -143.787 -1.24349e-12)
(-62.7594 -144.588 -1.20817e-12)
(-64.153 -145.348 -1.10113e-12)
(-65.5435 -146.067 -1.07197e-12)
(-66.9302 -146.747 -1.00306e-12)
(-68.3124 -147.385 -9.55529e-13)
(-69.6894 -147.984 -9.10099e-13)
(-71.0606 -148.541 -8.82678e-13)
(-72.4254 -149.059 -8.33828e-13)
(-73.7829 -149.536 -7.95915e-13)
(-75.1325 -149.973 -7.80408e-13)
(-76.4738 -150.37 -7.36035e-13)
(-77.8057 -150.727 -7.18859e-13)
(-79.128 -151.044 -6.57609e-13)
(-80.44 -151.321 -6.41096e-13)
(-81.7405 -151.559 -6.12606e-13)
(-83.0292 -151.757 -6.00366e-13)
(-84.3058 -151.916 -5.70544e-13)
(-85.5696 -152.037 -5.6328e-13)
(-86.8197 -152.119 -5.31581e-13)
(-88.0562 -152.162 -5.10517e-13)
(-89.2769 -152.167 -4.81774e-13)
(-90.4827 -152.134 -4.56649e-13)
(-91.6728 -152.064 -4.29878e-13)
(-92.8461 -151.957 -4.286e-13)
(-94.0025 -151.813 -4.02316e-13)
(-95.1413 -151.632 -4.00898e-13)
(-96.2621 -151.415 -3.82856e-13)
(-97.3623 -151.163 -3.61594e-13)
(-98.4441 -150.875 -3.50785e-13)
(-99.5078 -150.551 -3.28994e-13)
(-100.551 -150.193 -3.48348e-13)
(-101.574 -149.801 -3.10488e-13)
(-102.575 -149.375 -2.92977e-13)
(-103.555 -148.915 -3.03818e-13)
(-104.514 -148.423 -2.93991e-13)
(-105.45 -147.899 -2.69675e-13)
(-106.364 -147.344 -2.88629e-13)
(-107.255 -146.756 -2.74768e-13)
(-108.122 -146.14 -2.51046e-13)
(-108.966 -145.493 -2.47789e-13)
(-109.786 -144.816 -2.60866e-13)
(-110.582 -144.11 -2.38708e-13)
(-111.352 -143.375 -2.41433e-13)
(-112.098 -142.613 -2.20787e-13)
(-112.819 -141.823 -2.25085e-13)
(-113.515 -141.007 -1.94823e-13)
(-114.184 -140.166 -1.83132e-13)
(-114.829 -139.299 -1.93329e-13)
(-115.446 -138.407 -1.86736e-13)
(-116.037 -137.493 -1.83307e-13)
(-116.601 -136.556 -1.90942e-13)
(-117.133 -135.602 -1.76794e-13)
(-117.643 -134.623 -1.60865e-13)
(-118.128 -133.618 -1.71329e-13)
(-118.588 -132.592 -1.59969e-13)
(-119.02 -131.545 -1.50423e-13)
(-119.426 -130.48 -1.44847e-13)
(-119.804 -129.396 -1.36364e-13)
(-120.156 -128.294 -1.45548e-13)
(-120.481 -127.175 -1.2843e-13)
(-120.779 -126.04 -1.32751e-13)
(-121.05 -124.889 -1.18339e-13)
(-121.295 -123.724 -1.18228e-13)
(-121.513 -122.544 -1.11399e-13)
(-121.705 -121.35 -1.20241e-13)
(-121.871 -120.144 -1.13011e-13)
(-122.012 -118.927 -1.10926e-13)
(-122.126 -117.697 -1.12427e-13)
(-122.216 -116.458 -1.159e-13)
(-122.28 -115.208 -1.1466e-13)
(-122.319 -113.949 -1.13907e-13)
(-122.334 -112.682 -1.12053e-13)
(-122.324 -111.406 -1.03691e-13)
(-122.29 -110.124 -1.06947e-13)
(4.01749 -2.38593 -2.6229e-13)
)
;
    }
    inlet
    {
        type            calculated;
        value           uniform (0 0 0);
    }
    rWedge
    {
        type            wedge;
    }
    lWedge
    {
        type            wedge;
    }
    outlet
    {
        type            calculated;
        value           nonuniform 0();
    }
    procBoundary3to2
    {
        type            processor;
        value           uniform (0 0 0);
    }
}


// ************************************************************************* //
