/*--------------------------------*- C++ -*----------------------------------*\
| =========                 |                                                 |
| \\      /  F ield         | OpenFOAM: The Open Source CFD Toolbox           |
|  \\    /   O peration     | Version:  v1706                                 |
|   \\  /    A nd           | Web:      www.OpenFOAM.com                      |
|    \\/     M anipulation  |                                                 |
\*---------------------------------------------------------------------------*/
FoamFile
{
    version     2.0;
    format      ascii;
    class       volVectorField;
    location    "3e-06";
    object      wallShearStress;
}
// * * * * * * * * * * * * * * * * * * * * * * * * * * * * * * * * * * * * * //

dimensions      [1 -1 -2 0 0 0 0];


internalField   uniform (0 0 0);

boundaryField
{
    cone
    {
        type            calculated;
        value           nonuniform List<vector> 
119
(
(0.436761 -0.968392 -6.76489e-17)
(0.436922 -0.96873 2.92042e-17)
(0.437034 -0.968847 8.42811e-17)
(0.437057 -0.968904 1.2071e-16)
(0.437042 -0.968913 7.99837e-17)
(0.436972 -0.968925 2.08596e-16)
(0.43688 -0.968958 1.7089e-16)
(0.436792 -0.968994 7.80395e-17)
(0.436719 -0.969019 -7.71951e-17)
(0.436665 -0.96903 -1.43579e-16)
(0.436625 -0.96903 -6.11165e-17)
(0.436596 -0.969021 6.56605e-17)
(0.436573 -0.969009 3.0837e-16)
(0.436553 -0.968995 4.212e-16)
(0.436534 -0.96898 4.06534e-16)
(0.436516 -0.968964 2.30846e-16)
(0.436499 -0.968949 3.53238e-16)
(0.436481 -0.968934 2.56538e-16)
(0.436464 -0.968919 1.61458e-16)
(0.436446 -0.968904 -6.29918e-17)
(0.436429 -0.96889 -1.94546e-16)
(0.436412 -0.968875 -1.0941e-16)
(0.436395 -0.968861 -9.45762e-17)
(0.436378 -0.968847 2.07569e-16)
(0.436361 -0.968833 2.98258e-16)
(0.436345 -0.968819 2.42745e-16)
(0.436328 -0.968806 1.91341e-16)
(0.436312 -0.968792 9.3149e-17)
(0.436295 -0.968779 1.11364e-16)
(0.436279 -0.968766 1.89043e-16)
(0.436263 -0.968753 1.37586e-16)
(0.436247 -0.96874 3.15495e-17)
(0.436231 -0.968728 2.85611e-16)
(0.436215 -0.968715 1.73993e-16)
(0.436199 -0.968703 3.22848e-16)
(0.436183 -0.968691 3.49335e-16)
(0.436167 -0.968679 4.58677e-16)
(0.436152 -0.968667 3.18042e-16)
(0.436136 -0.968655 2.99934e-16)
(0.436121 -0.968644 2.27939e-16)
(0.436105 -0.968633 5.26878e-18)
(0.43609 -0.968621 1.19374e-16)
(0.436075 -0.96861 5.41744e-17)
(0.436059 -0.968599 -5.93462e-17)
(0.436045 -0.968589 -5.48883e-18)
(0.43603 -0.968578 -8.84942e-17)
(0.436015 -0.968568 2.29172e-16)
(0.436 -0.968557 5.29848e-16)
(0.435985 -0.968547 2.58547e-16)
(0.43597 -0.968538 2.55375e-16)
(0.435956 -0.968528 2.00107e-16)
(0.435941 -0.968518 1.32845e-16)
(0.435927 -0.968509 1.69861e-16)
(0.435913 -0.968499 1.78204e-16)
(0.435899 -0.96849 -5.71186e-18)
(0.435884 -0.968481 2.3245e-16)
(0.43587 -0.968472 2.731e-16)
(0.435856 -0.968463 5.5258e-17)
(0.435842 -0.968455 -2.81297e-17)
(0.435828 -0.968446 3.46307e-17)
(0.435815 -0.968438 1.12563e-16)
(0.435801 -0.96843 1.86981e-16)
(0.435787 -0.968422 1.7676e-16)
(0.435774 -0.968414 9.02011e-17)
(0.43576 -0.968407 7.71471e-17)
(0.435747 -0.968399 -2.63695e-17)
(0.435734 -0.968392 2.56435e-17)
(0.43572 -0.968384 -4.59972e-17)
(0.435707 -0.968377 -4.19984e-17)
(0.435694 -0.96837 -3.10294e-17)
(0.435681 -0.968364 1.38067e-17)
(0.435668 -0.968357 -3.17572e-18)
(0.435655 -0.96835 -1.13003e-17)
(0.435643 -0.968344 1.23902e-16)
(0.43563 -0.968338 8.25161e-17)
(0.435617 -0.968332 1.82448e-16)
(0.435605 -0.968326 1.73969e-16)
(0.435593 -0.96832 1.03664e-16)
(0.43558 -0.968314 1.95398e-16)
(0.435568 -0.968309 2.74327e-17)
(0.435555 -0.968303 2.10419e-16)
(0.435543 -0.968298 1.93182e-16)
(0.435531 -0.968293 8.96218e-17)
(0.435519 -0.968288 1.12771e-16)
(0.435507 -0.968283 1.63074e-16)
(0.435495 -0.968278 3.19075e-16)
(0.435483 -0.968274 2.05853e-16)
(0.435471 -0.968269 -1.07101e-17)
(0.435459 -0.968265 6.57048e-17)
(0.435447 -0.968261 6.49959e-17)
(0.435436 -0.968257 5.65253e-17)
(0.435424 -0.968253 2.64813e-17)
(0.435413 -0.968249 -8.62499e-17)
(0.435401 -0.968246 4.98026e-17)
(0.43539 -0.968242 3.94631e-17)
(0.435379 -0.968238 -3.7759e-17)
(0.435367 -0.968235 -1.89741e-16)
(0.435356 -0.968232 2.15562e-16)
(0.435345 -0.968229 2.21213e-16)
(0.435333 -0.968226 4.54395e-16)
(0.435323 -0.968224 3.70488e-16)
(0.435312 -0.968221 1.39058e-16)
(0.435301 -0.968218 1.82814e-16)
(0.43529 -0.968216 1.7197e-16)
(0.435279 -0.968214 -2.39983e-16)
(0.435269 -0.968212 -1.07072e-16)
(0.435259 -0.96821 -1.93642e-16)
(0.435248 -0.968208 -1.7343e-16)
(0.435216 -0.968199 -1.3981e-16)
(0.435096 -0.96818 -2.20182e-17)
(0.434676 -0.968248 1.67558e-17)
(0.433393 -0.968574 -4.55199e-17)
(0.429824 -0.969639 1.75652e-16)
(0.421733 -0.972483 -3.11718e-17)
(0.407465 -0.977886 1.28809e-16)
(0.387114 -0.982408 -4.42931e-17)
(0.359381 -0.983238 -4.04488e-17)
(0.317604 -0.994117 1.26726e-16)
(0.360453 -1.05139 -2.19334e-18)
)
;
    }
    inlet
    {
        type            calculated;
        value           uniform (0 0 0);
    }
    rWedge
    {
        type            wedge;
    }
    lWedge
    {
        type            wedge;
    }
    outlet
    {
        type            calculated;
        value           uniform (0 0 0);
    }
    procBoundary0to1
    {
        type            processor;
        value           uniform (0 0 0);
    }
    procBoundary0to2
    {
        type            processor;
        value           uniform (0 0 0);
    }
}


// ************************************************************************* //
