/*--------------------------------*- C++ -*----------------------------------*\
| =========                 |                                                 |
| \\      /  F ield         | OpenFOAM: The Open Source CFD Toolbox           |
|  \\    /   O peration     | Version:  v1706                                 |
|   \\  /    A nd           | Web:      www.OpenFOAM.com                      |
|    \\/     M anipulation  |                                                 |
\*---------------------------------------------------------------------------*/
FoamFile
{
    version     2.0;
    format      ascii;
    class       volVectorField;
    location    "1.1e-05";
    object      wallShearStress;
}
// * * * * * * * * * * * * * * * * * * * * * * * * * * * * * * * * * * * * * //

dimensions      [1 -1 -2 0 0 0 0];


internalField   uniform (0 0 0);

boundaryField
{
    cone
    {
        type            calculated;
        value           nonuniform List<vector> 
181
(
(-82.5975 -12.9571 -6.23438e-14)
(-83.9887 -8.45875 -5.86728e-14)
(-84.8779 -2.96723 -5.43253e-14)
(-85.1286 3.55125 -5.69951e-14)
(-84.5393 10.9745 -5.26896e-14)
(-82.855 18.917 -4.97973e-14)
(-79.7986 26.6798 -4.75475e-14)
(-75.1688 33.3384 -4.54675e-14)
(-68.982 37.987 -4.12653e-14)
(-61.5438 40.0873 -3.51918e-14)
(-53.4027 39.6591 -3.29662e-14)
(-45.1834 37.2021 -2.89404e-14)
(-37.4127 33.4402 -2.73278e-14)
(-30.4283 29.0696 -2.45238e-14)
(-24.3783 24.6189 -2.21583e-14)
(-19.2703 20.4198 -2.02323e-14)
(-15.0278 16.6402 -2.01002e-14)
(-11.5374 13.3355 -1.91614e-14)
(-8.67713 10.4954 -1.87596e-14)
(-6.33351 8.07615 -1.49464e-14)
(-4.40779 6.02214 -1.39607e-14)
(-2.81775 4.27673 -1.42961e-14)
(-1.49638 2.78785 -1.49532e-14)
(-0.390415 1.51051 -1.41901e-14)
(0.544401 0.397355 -1.45996e-14)
(1.33763 -0.57673 -1.39707e-14)
(2.03001 -1.42469 -1.46054e-14)
(2.61947 -2.18417 -1.48009e-14)
(3.13421 -2.86578 -1.57518e-14)
(3.58689 -3.48293 -1.64598e-14)
(3.9874 -4.04703 -1.53434e-14)
(4.34397 -4.56706 -1.36295e-14)
(4.66317 -5.05027 -1.46822e-14)
(4.95039 -5.50273 -1.57651e-14)
(5.21009 -5.9296 -1.19955e-14)
(5.44583 -6.33508 -1.33224e-14)
(5.66042 -6.7228 -1.10927e-14)
(5.85672 -7.09531 -1.4288e-14)
(6.03597 -7.45551 -1.54372e-14)
(6.2001 -7.80533 -1.74092e-14)
(6.35033 -8.14651 -1.40999e-14)
(6.48776 -8.48071 -1.37032e-14)
(6.61325 -8.80933 -1.35719e-14)
(6.72749 -9.13365 -1.75827e-14)
(6.83106 -9.45478 -1.86644e-14)
(6.92437 -9.77374 -1.60627e-14)
(7.00775 -10.0915 -1.70617e-14)
(7.08142 -10.4088 -1.40178e-14)
(7.14549 -10.7266 -1.71808e-14)
(7.20001 -11.0456 -1.50793e-14)
(7.24491 -11.3665 -1.36749e-14)
(7.28005 -11.69 -1.45272e-14)
(7.30521 -12.0167 -1.77544e-14)
(7.32006 -12.3473 -1.90275e-14)
(7.3242 -12.6822 -2.19751e-14)
(7.3171 -13.0222 -2.22952e-14)
(7.29817 -13.3676 -1.77318e-14)
(7.26667 -13.7191 -1.78423e-14)
(7.22178 -14.077 -1.81126e-14)
(7.16253 -14.4418 -1.94226e-14)
(7.08781 -14.8139 -2.14427e-14)
(6.99637 -15.1936 -2.11773e-14)
(6.88679 -15.5812 -2.14694e-14)
(6.75747 -15.9769 -2.08481e-14)
(6.60658 -16.3808 -2.40395e-14)
(6.43209 -16.7929 -2.13935e-14)
(6.23168 -17.213 -2.27559e-14)
(6.00275 -17.6408 -2.87739e-14)
(5.74236 -18.0757 -2.24446e-14)
(5.44719 -18.5168 -2.43644e-14)
(5.11351 -18.9629 -2.95194e-14)
(4.73704 -19.4123 -2.7475e-14)
(4.31304 -19.8626 -2.88765e-14)
(3.83607 -20.3108 -2.72737e-14)
(3.30005 -20.7529 -2.79257e-14)
(2.69807 -21.1836 -2.58362e-14)
(2.02238 -21.5961 -2.78994e-14)
(1.26426 -21.9819 -2.82307e-14)
(0.413968 -22.3299 -2.32851e-14)
(-0.539329 -22.6261 -3.50319e-14)
(-1.60754 -22.8528 -3.93634e-14)
(-2.80357 -22.988 -3.32011e-14)
(-4.14106 -23.004 -3.7194e-14)
(-5.63389 -22.8674 -3.85845e-14)
(-7.29519 -22.5376 -3.73512e-14)
(-9.13576 -21.9677 -3.5576e-14)
(-11.1615 -21.1055 -3.2906e-14)
(-13.3698 -19.8969 -3.90221e-14)
(-15.7465 -18.2898 -4.07223e-14)
(-18.2632 -16.2381 -3.64864e-14)
(-20.8779 -13.7071 -4.40933e-14)
(-23.469 -10.6845 -4.32187e-14)
(-25.9588 -7.30354 -4.76695e-14)
(-28.2281 -3.68928 -4.43217e-14)
(-30.0468 -0.00735354 -4.64694e-14)
(-31.3084 3.44582 -4.535e-14)
(-31.9153 6.42796 -4.21981e-14)
(-31.8122 8.72796 -4.44013e-14)
(-31.0208 10.1806 -3.66134e-14)
(-29.6396 10.7529 -3.26697e-14)
(-27.8429 10.5611 -3.63065e-14)
(-25.8306 9.81341 -3.683e-14)
(-23.7798 8.73794 -3.19831e-14)
(-21.8219 7.53462 -3.37772e-14)
(-20.0374 6.35123 -2.6744e-14)
(-18.4624 5.27904 -3.18669e-14)
(-17.0997 4.36089 -2.29422e-14)
(-15.9314 3.60438 -2.54e-14)
(-14.9291 2.99525 -2.43821e-14)
(-14.0616 2.50822 -2.60948e-14)
(-13.2994 2.11487 -2.35743e-14)
(-12.6174 1.78842 -2.46208e-14)
(-11.9959 1.50643 -2.16532e-14)
(-11.4202 1.25156 -1.70548e-14)
(-10.8801 1.01157 -1.68995e-14)
(-10.3691 0.778508 -1.61127e-14)
(-9.88314 0.547734 -2.31248e-14)
(-9.41999 0.316997 -1.36709e-14)
(-8.97845 0.0855611 -2.64528e-14)
(-8.55791 -0.146395 -2.40536e-14)
(-8.15803 -0.378231 -2.37301e-14)
(-7.77847 -0.609189 -2.54098e-14)
(-7.41869 -0.838871 -2.04397e-14)
(-7.07702 -1.06863 -2.2665e-14)
(-6.75691 -1.29682 -1.90037e-14)
(-6.45239 -1.51964 -2.67117e-14)
(-6.16438 -1.74293 -1.37806e-14)
(-5.89335 -1.96777 -2.52341e-14)
(-5.63782 -2.19272 -1.56822e-14)
(-5.39761 -2.41869 -2.89248e-14)
(-5.1727 -2.64614 -2.77797e-14)
(-4.96331 -2.87526 -2.01238e-14)
(-4.76986 -3.10598 -1.44193e-14)
(-4.59289 -3.33803 -2.17168e-14)
(-4.433 -3.57103 -2.00747e-14)
(-4.29076 -3.80457 -2.0657e-14)
(-4.16674 -4.03833 -2.44573e-14)
(-4.06159 -4.27166 -2.51294e-14)
(-3.97594 -4.50414 -2.76172e-14)
(-3.91051 -4.73552 -1.75479e-14)
(-3.86597 -4.96502 -1.18718e-14)
(-3.84352 -5.19201 -2.36398e-14)
(-3.84421 -5.41543 -2.64561e-14)
(-3.8693 -5.63407 -2.64176e-14)
(-3.92012 -5.84647 -1.96213e-14)
(-3.99801 -6.05103 -1.86516e-14)
(-4.10425 -6.24598 -1.81548e-14)
(-4.23999 -6.42941 -1.99738e-14)
(-4.4062 -6.59932 -3.06896e-14)
(-4.6035 -6.75363 -2.62449e-14)
(-4.83212 -6.89026 -2.31173e-14)
(-5.09168 -7.00718 -1.83181e-14)
(-5.38106 -7.10253 -1.41994e-14)
(-5.69827 -7.17476 -2.41847e-14)
(-6.04034 -7.22265 -2.20566e-14)
(-6.40321 -7.24553 -1.96113e-14)
(-6.78178 -7.24324 -2.36475e-14)
(-7.16992 -7.21618 -3.06583e-14)
(-7.56053 -7.16541 -3.28538e-14)
(-7.94568 -7.09263 -2.75686e-14)
(-8.31672 -7.00031 -2.81087e-14)
(-8.66422 -6.892 -2.32197e-14)
(-8.97763 -6.773 -3.23769e-14)
(-9.24541 -6.65213 -3.42616e-14)
(-9.45663 -6.54131 -1.46438e-14)
(-9.59309 -6.45058 -8.03077e-15)
(-9.6703 -6.38965 -2.44332e-14)
(-9.70241 -6.3422 -1.85412e-14)
(-9.67059 -6.32443 -2.49699e-14)
(-9.56878 -6.35015 -1.30437e-14)
(-9.41858 -6.41662 -1.97705e-14)
(-9.22606 -6.5192 -1.96688e-13)
(-9.00405 -6.65607 -5.23073e-12)
(-8.76105 -6.82097 -2.97099e-11)
(-8.50895 -7.00991 -1.02612e-10)
(-8.25812 -7.21547 -2.53423e-10)
(-8.01677 -7.43069 -4.73386e-10)
(-7.79155 -7.64948 -6.95562e-10)
(-7.58724 -7.86662 -8.3114e-10)
(-7.40675 -8.07795 -8.30472e-10)
(-7.2514 -8.28051 -7.09917e-10)
)
;
    }
    inlet
    {
        type            calculated;
        value           uniform (0 0 0);
    }
    rWedge
    {
        type            wedge;
    }
    lWedge
    {
        type            wedge;
    }
    outlet
    {
        type            calculated;
        value           nonuniform 0();
    }
    procBoundary1to0
    {
        type            processor;
        value           uniform (0 0 0);
    }
    procBoundary1to2
    {
        type            processor;
        value           uniform (0 0 0);
    }
}


// ************************************************************************* //
