/*--------------------------------*- C++ -*----------------------------------*\
| =========                 |                                                 |
| \\      /  F ield         | OpenFOAM: The Open Source CFD Toolbox           |
|  \\    /   O peration     | Version:  v1706                                 |
|   \\  /    A nd           | Web:      www.OpenFOAM.com                      |
|    \\/     M anipulation  |                                                 |
\*---------------------------------------------------------------------------*/
FoamFile
{
    version     2.0;
    format      ascii;
    class       volVectorField;
    location    "4e-06";
    object      wallShearStress;
}
// * * * * * * * * * * * * * * * * * * * * * * * * * * * * * * * * * * * * * //

dimensions      [1 -1 -2 0 0 0 0];


internalField   uniform (0 0 0);

boundaryField
{
    cone
    {
        type            calculated;
        value           nonuniform List<vector> 
181
(
(0.328285 -0.716153 5.53742e-16)
(0.32813 -0.716174 5.65345e-16)
(0.32802 -0.716163 5.52794e-16)
(0.327956 -0.7161 4.86251e-16)
(0.32792 -0.71599 4.76927e-16)
(0.327909 -0.715867 4.60056e-16)
(0.327918 -0.715744 4.31008e-16)
(0.327942 -0.715626 4.02943e-16)
(0.327971 -0.715512 3.93402e-16)
(0.327996 -0.715402 4.22898e-16)
(0.328012 -0.715299 3.96649e-16)
(0.328016 -0.715204 4.06136e-16)
(0.328008 -0.715117 3.96694e-16)
(0.327985 -0.715037 4.15045e-16)
(0.32795 -0.714964 4.25582e-16)
(0.327903 -0.714895 4.24922e-16)
(0.327846 -0.714829 3.86556e-16)
(0.327781 -0.714766 3.89287e-16)
(0.327711 -0.714706 3.88186e-16)
(0.327637 -0.714647 4.97841e-16)
(0.327561 -0.71459 5.19961e-16)
(0.327486 -0.714532 4.81658e-16)
(0.327411 -0.714474 4.45971e-16)
(0.327339 -0.714416 4.46876e-16)
(0.327269 -0.714357 4.11655e-16)
(0.327202 -0.714297 4.24013e-16)
(0.327138 -0.714236 3.90637e-16)
(0.327076 -0.714174 3.69519e-16)
(0.327016 -0.714111 3.20176e-16)
(0.326958 -0.714048 2.90348e-16)
(0.326902 -0.713983 3.28292e-16)
(0.326847 -0.713918 3.97756e-16)
(0.326794 -0.713853 3.74481e-16)
(0.326741 -0.713788 3.65516e-16)
(0.326688 -0.713722 5.35574e-16)
(0.326636 -0.713656 5.34561e-16)
(0.326585 -0.713591 5.89213e-16)
(0.326533 -0.713525 4.91434e-16)
(0.326482 -0.713459 4.49162e-16)
(0.326432 -0.713393 3.94178e-16)
(0.326381 -0.713328 4.79482e-16)
(0.326331 -0.713262 4.87231e-16)
(0.32628 -0.713196 4.70562e-16)
(0.32623 -0.713131 3.23622e-16)
(0.32618 -0.713066 2.7412e-16)
(0.326131 -0.713 3.70394e-16)
(0.326081 -0.712935 3.63678e-16)
(0.326031 -0.71287 4.54802e-16)
(0.325982 -0.712805 4.03863e-16)
(0.325933 -0.712741 4.81523e-16)
(0.325884 -0.712676 5.24886e-16)
(0.325835 -0.712611 4.78454e-16)
(0.325786 -0.712547 3.89755e-16)
(0.325737 -0.712482 3.3682e-16)
(0.325689 -0.712418 2.76451e-16)
(0.32564 -0.712354 2.95914e-16)
(0.325592 -0.71229 4.22627e-16)
(0.325544 -0.712226 4.23537e-16)
(0.325496 -0.712162 4.12951e-16)
(0.325448 -0.712098 3.54881e-16)
(0.3254 -0.712034 3.08886e-16)
(0.325353 -0.711971 3.24991e-16)
(0.325305 -0.711907 3.29273e-16)
(0.325258 -0.711844 3.69144e-16)
(0.325211 -0.711781 3.36415e-16)
(0.325164 -0.711718 3.76754e-16)
(0.325117 -0.711655 3.46466e-16)
(0.32507 -0.711592 2.65126e-16)
(0.325024 -0.711529 3.72284e-16)
(0.324977 -0.711466 3.33199e-16)
(0.324931 -0.711404 2.5103e-16)
(0.324885 -0.711341 3.03373e-16)
(0.324839 -0.711279 3.1289e-16)
(0.324793 -0.711217 3.46265e-16)
(0.324747 -0.711154 3.63639e-16)
(0.324701 -0.711092 4.07928e-16)
(0.324656 -0.711031 3.94353e-16)
(0.32461 -0.710969 3.88838e-16)
(0.324565 -0.710907 4.14158e-16)
(0.32452 -0.710846 2.62104e-16)
(0.324475 -0.710784 2.13129e-16)
(0.32443 -0.710723 3.00442e-16)
(0.324385 -0.710662 2.79543e-16)
(0.32434 -0.710601 2.72937e-16)
(0.324296 -0.71054 2.95701e-16)
(0.324251 -0.710479 3.1442e-16)
(0.324207 -0.710418 3.40768e-16)
(0.324163 -0.710357 2.68812e-16)
(0.324119 -0.710297 2.48065e-16)
(0.324075 -0.710236 2.6976e-16)
(0.324031 -0.710176 1.71424e-16)
(0.323988 -0.710116 1.6014e-16)
(0.323944 -0.710056 1.1378e-16)
(0.323901 -0.709996 1.47546e-16)
(0.323858 -0.709936 1.0658e-16)
(0.323815 -0.709876 1.16506e-16)
(0.323772 -0.709816 1.50367e-16)
(0.323729 -0.709757 1.46382e-16)
(0.323686 -0.709698 2.4737e-16)
(0.323643 -0.709638 2.92375e-16)
(0.323601 -0.709579 2.22739e-16)
(0.323559 -0.70952 2.08102e-16)
(0.323516 -0.709461 2.84923e-16)
(0.323474 -0.709402 2.74361e-16)
(0.323432 -0.709344 3.73569e-16)
(0.32339 -0.709285 3.08264e-16)
(0.323349 -0.709227 4.14584e-16)
(0.323307 -0.709168 3.65865e-16)
(0.323265 -0.70911 3.4995e-16)
(0.323224 -0.709052 3.19485e-16)
(0.323183 -0.708994 3.43995e-16)
(0.323142 -0.708936 3.27051e-16)
(0.323101 -0.708878 3.89915e-16)
(0.32306 -0.708821 4.74581e-16)
(0.323019 -0.708763 4.70969e-16)
(0.322978 -0.708706 4.50007e-16)
(0.322938 -0.708649 2.99743e-16)
(0.322897 -0.708591 3.95678e-16)
(0.322857 -0.708534 1.39575e-16)
(0.322817 -0.708477 1.27606e-16)
(0.322777 -0.708421 1.28247e-16)
(0.322737 -0.708364 1.08097e-16)
(0.322697 -0.708307 1.83899e-16)
(0.322657 -0.708251 1.5478e-16)
(0.322617 -0.708195 2.04263e-16)
(0.322578 -0.708138 8.11304e-17)
(0.322538 -0.708082 2.83806e-16)
(0.322499 -0.708026 1.19511e-16)
(0.32246 -0.707971 2.45556e-16)
(0.322421 -0.707915 3.20931e-17)
(0.322382 -0.707859 4.90315e-17)
(0.322343 -0.707804 2.13384e-16)
(0.322304 -0.707748 3.08369e-16)
(0.322266 -0.707693 1.57277e-16)
(0.322227 -0.707638 1.70913e-16)
(0.322189 -0.707583 1.1381e-16)
(0.322151 -0.707528 3.33113e-17)
(0.322112 -0.707473 2.35377e-17)
(0.322074 -0.707419 -1.13482e-18)
(0.322036 -0.707364 1.98559e-16)
(0.321999 -0.70731 2.90391e-16)
(0.321961 -0.707255 8.90173e-17)
(0.321923 -0.707201 4.77584e-17)
(0.321886 -0.707147 6.38145e-17)
(0.321848 -0.707093 1.88663e-16)
(0.321811 -0.707039 1.844e-16)
(0.321773 -0.706986 1.83756e-16)
(0.321736 -0.706932 1.33591e-16)
(0.321699 -0.706879 -4.15255e-17)
(0.321661 -0.706826 3.12265e-17)
(0.321623 -0.706773 1.24279e-16)
(0.321584 -0.706721 2.27845e-16)
(0.321545 -0.706669 2.85509e-16)
(0.321503 -0.706618 1.56197e-16)
(0.321461 -0.706568 2.01364e-16)
(0.321416 -0.706518 2.10101e-16)
(0.321369 -0.706469 1.15727e-16)
(0.321321 -0.706418 -1.46993e-17)
(0.321271 -0.706366 -6.26773e-17)
(0.32122 -0.706309 2.93937e-17)
(0.321169 -0.706246 7.15248e-17)
(0.321116 -0.706176 1.27369e-16)
(0.32106 -0.7061 -1.52009e-17)
(0.321 -0.706019 2.19457e-18)
(0.320933 -0.70594 3.4643e-16)
(0.320864 -0.705867 4.15793e-16)
(0.320798 -0.705799 1.25881e-16)
(0.320738 -0.705735 1.71446e-16)
(0.320685 -0.705668 6.19406e-17)
(0.32064 -0.705594 2.14408e-16)
(0.320601 -0.70551 3.4665e-16)
(0.320571 -0.705419 2.93015e-16)
(0.320563 -0.705319 1.50761e-16)
(0.320585 -0.705208 1.59158e-16)
(0.320639 -0.705084 3.20188e-16)
(0.320713 -0.704956 4.58293e-16)
(0.320778 -0.704844 3.8649e-16)
(0.320795 -0.704764 2.47741e-16)
(0.32072 -0.704757 2.40559e-16)
(0.320566 -0.704834 1.05385e-16)
(0.320447 -0.704967 1.82754e-17)
)
;
    }
    inlet
    {
        type            calculated;
        value           uniform (0 0 0);
    }
    rWedge
    {
        type            wedge;
    }
    lWedge
    {
        type            wedge;
    }
    outlet
    {
        type            calculated;
        value           nonuniform 0();
    }
    procBoundary1to0
    {
        type            processor;
        value           uniform (0 0 0);
    }
    procBoundary1to2
    {
        type            processor;
        value           uniform (0 0 0);
    }
}


// ************************************************************************* //
